177.0 ,-39.449999999999996 ,55.65
177.45 ,-39.449999999999996 ,56.4
176.1 ,-39.75 ,56.699999999999996
176.1 ,-39.75 ,57.3
176.25 ,-39.449999999999996 ,57.0
176.1 ,-39.449999999999996 ,55.199999999999996
176.7 ,-39.449999999999996 ,57.0
177.6 ,-39.75 ,57.15
177.0 ,-39.449999999999996 ,55.8
175.65 ,-40.05 ,55.949999999999996
176.7 ,-39.15 ,55.65
176.1 ,-39.9 ,56.699999999999996
176.25 ,-39.15 ,55.5
175.95 ,-38.55 ,55.65
176.7 ,-39.449999999999996 ,55.65
175.35 ,-38.85 ,55.8
174.9 ,-39.449999999999996 ,57.15
175.35 ,-40.35 ,56.4
176.25 ,-40.05 ,54.75
177.29999999999998 ,-38.85 ,56.4
177.0 ,-39.449999999999996 ,55.949999999999996
177.45 ,-38.699999999999996 ,56.25
176.85 ,-39.9 ,56.4
174.75 ,-39.3 ,54.9
178.04999999999998 ,-39.75 ,55.8
176.1 ,-38.1 ,57.449999999999996
176.85 ,-40.05 ,56.699999999999996
177.45 ,-38.699999999999996 ,57.15
176.1 ,-37.5 ,55.05
178.04999999999998 ,-37.8 ,55.8
177.0 ,-36.3 ,55.199999999999996
177.45 ,-38.699999999999996 ,55.65
177.45 ,-35.55 ,54.3
178.35 ,-36.3 ,55.05
176.85 ,-34.65 ,56.4
177.45 ,-33.15 ,54.0
177.29999999999998 ,-32.4 ,54.449999999999996
177.45 ,-31.799999999999997 ,54.449999999999996
177.6 ,-32.25 ,53.1
177.75 ,-29.849999999999998 ,55.05
178.5 ,-30.9 ,54.449999999999996
177.75 ,-30.299999999999997 ,54.75
177.6 ,-29.099999999999998 ,54.3
178.35 ,-29.099999999999998 ,54.0
177.29999999999998 ,-29.4 ,56.25
177.0 ,-31.2 ,55.65
176.1 ,-30.0 ,55.199999999999996
175.95 ,-30.0 ,55.199999999999996
177.45 ,-32.4 ,55.199999999999996
175.2 ,-32.85 ,55.949999999999996
175.5 ,-34.8 ,54.449999999999996
174.75 ,-34.8 ,54.449999999999996
175.35 ,-35.55 ,57.449999999999996
176.7 ,-36.3 ,56.699999999999996
175.2 ,-37.35 ,57.0
174.45 ,-36.75 ,57.15
177.45 ,-37.8 ,56.55
177.45 ,-36.75 ,55.949999999999996
179.1 ,-37.35 ,57.3
179.7 ,-38.1 ,58.05
180.29999999999998 ,-38.85 ,58.05
180.6 ,-39.15 ,56.699999999999996
181.95 ,-39.3 ,57.0
182.7 ,-38.1 ,57.3
183.29999999999998 ,-38.1 ,57.75
183.29999999999998 ,-37.35 ,57.15
181.65 ,-37.5 ,57.15
181.65 ,-37.5 ,57.9
179.85 ,-38.1 ,56.55
180.6 ,-38.1 ,56.699999999999996
181.04999999999998 ,-37.35 ,56.25
181.35 ,-36.3 ,57.449999999999996
179.85 ,-36.75 ,56.55
180.29999999999998 ,-37.5 ,56.25
179.54999999999998 ,-36.6 ,55.5
179.1 ,-36.75 ,54.9
178.04999999999998 ,-34.65 ,55.199999999999996
179.7 ,-36.3 ,56.25
179.85 ,-35.55 ,56.699999999999996
179.54999999999998 ,-33.0 ,55.199999999999996
177.75 ,-34.199999999999996 ,55.65
178.2 ,-31.95 ,54.75
177.75 ,-32.85 ,55.5
177.45 ,-31.95 ,55.199999999999996
175.65 ,-33.0 ,55.199999999999996
178.2 ,-31.95 ,55.65
176.85 ,-31.2 ,54.3
176.85 ,-31.65 ,53.699999999999996
176.85 ,-31.2 ,54.15
176.85 ,-29.099999999999998 ,53.55
174.9 ,-30.599999999999998 ,54.9
174.75 ,-30.9 ,54.15
172.79999999999998 ,-30.45 ,53.55
171.29999999999998 ,-31.2 ,53.1
174.9 ,-29.849999999999998 ,53.55
175.35 ,-29.4 ,52.65
176.25 ,-29.7 ,53.4
174.75 ,-28.349999999999998 ,54.0
173.7 ,-29.099999999999998 ,53.55
174.9 ,-29.099999999999998 ,53.25
176.7 ,-27.9 ,53.55
176.7 ,-27.75 ,53.699999999999996
178.79999999999998 ,-29.099999999999998 ,53.4
177.0 ,-27.75 ,53.4
179.54999999999998 ,-28.799999999999997 ,53.55
178.79999999999998 ,-27.9 ,52.8
179.1 ,-26.849999999999998 ,52.8
179.85 ,-27.3 ,54.0
181.79999999999998 ,-25.2 ,51.3
181.35 ,-25.349999999999998 ,52.8
184.04999999999998 ,-25.95 ,52.05
183.29999999999998 ,-26.099999999999998 ,50.85
183.15 ,-24.9 ,52.65
182.54999999999998 ,-24.3 ,52.05
183.15 ,-23.4 ,52.8
181.35 ,-24.0 ,51.3
180.15 ,-24.0 ,51.0
180.9 ,-25.349999999999998 ,50.85
179.85 ,-23.4 ,48.9
178.79999999999998 ,-23.55 ,50.25
178.95 ,-22.95 ,50.55
178.35 ,-20.849999999999998 ,48.6
177.75 ,-22.05 ,48.9
177.45 ,-22.2 ,48.6
177.6 ,-22.05 ,50.1
176.25 ,-22.349999999999998 ,48.15
175.95 ,-21.45 ,49.35
176.7 ,-21.0 ,48.9
176.25 ,-19.2 ,48.0
177.45 ,-19.65 ,49.05
176.1 ,-19.95 ,49.05
176.7 ,-18.0 ,49.05
177.0 ,-18.45 ,49.5
176.54999999999998 ,-17.849999999999998 ,49.35
175.5 ,-17.099999999999998 ,50.1
175.95 ,-15.149999999999999 ,48.0
174.9 ,-15.149999999999999 ,48.9
174.9 ,-16.5 ,48.0
174.45 ,-16.05 ,50.55
174.45 ,-12.0 ,50.85
173.85 ,-12.6 ,50.55
174.0 ,-13.95 ,51.0
172.65 ,-12.0 ,50.85
172.04999999999998 ,-9.9 ,52.35
173.7 ,-10.35 ,51.75
171.75 ,-10.2 ,52.65
170.25 ,-8.4 ,50.85
167.54999999999998 ,-9.6 ,51.6
168.0 ,-9.9 ,52.05
165.9 ,-9.45 ,52.8
162.45 ,-9.0 ,53.699999999999996
163.79999999999998 ,-8.4 ,54.3
161.7 ,-7.8 ,54.0
160.2 ,-7.8 ,54.0
159.6 ,-7.35 ,54.75
158.25 ,-7.199999999999999 ,54.9
156.6 ,-6.0 ,55.199999999999996
158.4 ,-6.3 ,54.9
158.7 ,-5.7 ,54.9
159.15 ,-5.7 ,54.449999999999996
160.65 ,-8.25 ,53.25
160.5 ,-7.8 ,53.55
163.95 ,-9.75 ,52.8
165.45 ,-9.75 ,52.05
166.95 ,-12.6 ,50.25
166.79999999999998 ,-12.299999999999999 ,50.85
169.04999999999998 ,-13.95 ,51.15
170.4 ,-13.95 ,49.35
173.4 ,-13.95 ,50.4
176.7 ,-14.1 ,50.55
177.29999999999998 ,-14.85 ,51.15
176.85 ,-13.95 ,50.1
177.45 ,-14.7 ,50.55
177.0 ,-16.8 ,50.85
180.15 ,-17.7 ,52.05
180.9 ,-16.2 ,52.8
183.9 ,-17.4 ,52.65
184.95 ,-19.05 ,53.55
185.85 ,-19.349999999999998 ,52.65
188.1 ,-20.55 ,53.25
189.15 ,-23.4 ,54.15
189.15 ,-22.8 ,54.15
190.5 ,-23.7 ,55.65
191.1 ,-26.7 ,54.0
191.85 ,-28.5 ,55.5
191.7 ,-29.849999999999998 ,54.9
193.79999999999998 ,-32.4 ,56.55
193.04999999999998 ,-32.85 ,55.8
194.4 ,-35.699999999999996 ,56.4
194.4 ,-35.699999999999996 ,57.0
195.15 ,-2.1 ,55.5
193.95 ,-39.3 ,56.25
192.75 ,-40.949999999999996 ,56.699999999999996
191.85 ,-42.3 ,56.4
191.7 ,-43.199999999999996 ,54.9
189.9 ,-42.9 ,56.25
189.6 ,-44.55 ,55.65
187.5 ,-44.85 ,55.5
187.04999999999998 ,-44.85 ,56.55
185.85 ,-44.25 ,51.75
185.25 ,-44.4 ,55.05
181.65 ,-45.449999999999996 ,52.35
181.2 ,-44.55 ,54.3
180.29999999999998 ,-42.9 ,53.55
180.6 ,-43.199999999999996 ,53.55
178.04999999999998 ,-46.05 ,54.3
178.79999999999998 ,-45.0 ,54.15
175.2 ,-43.5 ,54.0
174.6 ,-42.6 ,53.1
175.5 ,-41.699999999999996 ,52.5
171.15 ,-41.699999999999996 ,52.5
170.4 ,-41.699999999999996 ,51.3
170.4 ,-40.65 ,52.8
169.2 ,-38.25 ,50.25
166.35 ,-36.9 ,50.55
165.15 ,-35.4 ,50.25
162.75 ,-35.699999999999996 ,51.9
162.0 ,-34.199999999999996 ,51.6
162.45 ,-33.0 ,53.4
160.5 ,-34.199999999999996 ,51.3
158.4 ,-33.15 ,52.05
157.35 ,-31.65 ,53.1
158.4 ,-29.25 ,52.5
155.25 ,-28.05 ,52.35
155.1 ,-26.55 ,54.0
157.5 ,-24.75 ,53.1
154.5 ,-24.75 ,55.199999999999996
154.04999999999998 ,-21.599999999999998 ,53.55
155.1 ,-21.0 ,53.25
154.79999999999998 ,-20.25 ,56.55
155.25 ,-18.45 ,54.75
157.04999999999998 ,-14.85 ,55.8
156.6 ,-15.149999999999999 ,56.4
158.7 ,-15.75 ,58.199999999999996
156.9 ,-11.7 ,58.8
159.0 ,-12.6 ,57.0
157.65 ,-10.35 ,57.75
157.95 ,-12.0 ,58.65
159.0 ,-11.549999999999999 ,57.449999999999996
159.6 ,-11.549999999999999 ,57.15
161.1 ,-11.1 ,57.9
161.54999999999998 ,-11.549999999999999 ,58.65
162.75 ,-10.2 ,58.5
164.1 ,-9.6 ,57.9
165.15 ,-10.5 ,58.949999999999996
165.6 ,-9.6 ,58.65
166.04999999999998 ,-9.45 ,58.8
166.35 ,-10.35 ,58.199999999999996
167.54999999999998 ,-11.1 ,59.25
167.25 ,-10.5 ,58.199999999999996
167.54999999999998 ,-10.799999999999999 ,58.8
167.25 ,-10.2 ,58.65
167.54999999999998 ,-9.9 ,57.9
166.95 ,-10.799999999999999 ,57.0
168.15 ,-10.5 ,56.55
167.4 ,-12.6 ,57.15
167.7 ,-12.9 ,56.55
168.29999999999998 ,-13.95 ,54.9
167.25 ,-14.7 ,54.449999999999996
165.15 ,-17.849999999999998 ,55.199999999999996
164.54999999999998 ,-19.8 ,52.8
163.95 ,-21.75 ,55.05
162.6 ,-24.599999999999998 ,52.65
161.1 ,-25.65 ,52.8
159.9 ,-28.05 ,52.35
159.15 ,-29.7 ,53.4
160.65 ,-30.9 ,53.1
159.75 ,-32.55 ,52.8
158.7 ,-36.15 ,52.05
160.5 ,-35.4 ,52.8
160.5 ,-37.949999999999996 ,51.0
162.75 ,-37.35 ,51.0
164.4 ,-39.15 ,51.15
164.4 ,-39.9 ,50.85
166.04999999999998 ,-40.65 ,51.3
167.54999999999998 ,-40.5 ,50.55
167.25 ,-40.35 ,49.5
169.79999999999998 ,-41.4 ,50.4
170.85 ,-40.5 ,48.9
172.5 ,-40.5 ,50.55
173.85 ,-39.75 ,51.15
175.5 ,-37.35 ,50.25
176.7 ,-37.199999999999996 ,49.35
177.45 ,-35.55 ,50.1
179.4 ,-36.0 ,50.85
178.5 ,-36.75 ,51.6
178.5 ,-35.55 ,48.6
178.2 ,-35.699999999999996 ,50.25
178.2 ,-36.3 ,48.9
177.6 ,-36.3 ,49.8
179.7 ,-34.949999999999996 ,50.55
179.1 ,-35.55 ,50.25
179.85 ,-35.699999999999996 ,52.5
178.04999999999998 ,-36.15 ,50.85
177.6 ,-36.9 ,50.55
173.4 ,-38.55 ,50.4
172.35 ,-38.55 ,50.4
170.54999999999998 ,-36.75 ,51.6
168.15 ,-37.8 ,51.15
166.65 ,-40.949999999999996 ,53.25
163.04999999999998 ,-41.699999999999996 ,53.699999999999996
158.1 ,-41.1 ,57.0
152.7 ,-44.1 ,58.05
150.45 ,-43.05 ,58.65
150.45 ,-43.199999999999996 ,58.949999999999996
148.79999999999998 ,-44.55 ,58.949999999999996
148.95 ,-44.25 ,59.25
148.95 ,-44.85 ,60.3
148.04999999999998 ,-44.55 ,60.15
145.79999999999998 ,-45.6 ,62.099999999999994
144.75 ,-46.949999999999996 ,63.599999999999994
143.1 ,-45.6 ,65.7
141.15 ,-46.05 ,66.6
138.45 ,-46.8 ,68.85
137.7 ,-48.3 ,69.6
135.6 ,-48.6 ,73.64999999999999
134.1 ,-48.6 ,73.5
134.1 ,-48.0 ,77.25
130.79999999999998 ,-49.8 ,77.55
131.85 ,-48.75 ,84.14999999999999
128.25 ,-49.5 ,85.2
128.25 ,-48.3 ,89.25
126.0 ,-50.55 ,93.3
124.64999999999999 ,-50.1 ,97.95
125.85 ,-49.35 ,100.5
125.39999999999999 ,-51.3 ,101.39999999999999
124.05 ,-50.4 ,107.55
124.05 ,-51.449999999999996 ,111.0
126.6 ,-50.699999999999996 ,117.0
128.7 ,-52.5 ,120.44999999999999
129.9 ,-53.699999999999996 ,124.05
130.95 ,-54.0 ,128.7
133.04999999999998 ,-55.65 ,131.25
136.79999999999998 ,-55.199999999999996 ,135.0
139.79999999999998 ,-54.3 ,136.65
142.65 ,-55.5 ,139.35
144.75 ,-53.699999999999996 ,140.25
146.1 ,-54.0 ,141.75
148.2 ,-53.699999999999996 ,142.5
149.7 ,-53.1 ,145.2
152.7 ,-50.85 ,145.79999999999998
152.4 ,-50.55 ,146.54999999999998
154.2 ,-49.949999999999996 ,147.9
153.75 ,-49.199999999999996 ,148.65
156.6 ,-48.6 ,148.2
157.5 ,-51.9 ,148.65
158.4 ,-50.1 ,149.1
160.95 ,-51.15 ,150.15
162.0 ,-53.55 ,148.95
163.04999999999998 ,-50.1 ,147.75
163.95 ,-49.949999999999996 ,149.4
163.35 ,-51.3 ,149.85
166.35 ,-50.85 ,150.15
168.0 ,-49.199999999999996 ,150.9
168.15 ,-49.199999999999996 ,149.7
167.4 ,-49.199999999999996 ,151.65
169.2 ,-50.1 ,150.15
169.04999999999998 ,-48.6 ,150.45
168.9 ,-48.75 ,150.6
170.4 ,-49.35 ,151.35
171.75 ,-48.6 ,149.54999999999998
173.25 ,-50.1 ,150.45
173.85 ,-49.949999999999996 ,151.65
175.2 ,-50.85 ,151.04999999999998
174.45 ,-50.1 ,151.04999999999998
175.2 ,-49.8 ,151.2
174.75 ,-48.6 ,149.7
173.85 ,-49.35 ,150.45
174.75 ,-50.1 ,151.35
172.65 ,-49.5 ,150.6
170.1 ,-48.9 ,150.6
166.79999999999998 ,-49.8 ,150.15
162.6 ,-50.699999999999996 ,149.7
157.35 ,-50.55 ,146.25
154.04999999999998 ,-51.449999999999996 ,144.15
147.45 ,-51.9 ,142.65
139.79999999999998 ,-53.1 ,134.85
134.54999999999998 ,-53.25 ,129.0
131.85 ,-53.25 ,122.1
128.1 ,-54.9 ,116.25
126.14999999999999 ,-55.05 ,112.5
127.5 ,-54.3 ,106.2
128.25 ,-55.5 ,95.1
129.45 ,-54.6 ,91.2
132.75 ,-56.699999999999996 ,82.64999999999999
136.95 ,-56.25 ,81.14999999999999
139.79999999999998 ,-57.599999999999994 ,74.1
143.85 ,-54.6 ,68.25
147.0 ,-57.0 ,66.6
156.75 ,-54.9 ,63.15
160.95 ,-56.25 ,60.9
165.9 ,-54.6 ,60.9
172.04999999999998 ,-54.0 ,61.05
177.45 ,-55.199999999999996 ,60.15
180.29999999999998 ,-53.55 ,59.25
183.0 ,-52.65 ,59.25
184.65 ,-52.05 ,61.199999999999996
189.45 ,-52.5 ,62.699999999999996
193.5 ,-51.449999999999996 ,61.949999999999996
193.04999999999998 ,-50.4 ,64.05
196.79999999999998 ,-49.35 ,62.849999999999994
198.15 ,-50.4 ,62.849999999999994
201.6 ,-51.15 ,66.75
202.79999999999998 ,-49.8 ,65.7
203.85 ,-49.199999999999996 ,68.25
204.9 ,-48.6 ,66.0
205.95 ,-49.35 ,67.05
207.29999999999998 ,-49.199999999999996 ,69.0
207.45 ,-49.199999999999996 ,69.0
210.15 ,-50.1 ,70.95
208.5 ,-49.949999999999996 ,71.85
211.79999999999998 ,-48.9 ,72.75
211.2 ,-48.9 ,73.64999999999999
211.35 ,-48.15 ,74.39999999999999
213.0 ,-49.5 ,75.45
214.04999999999998 ,-46.8 ,75.45
214.5 ,-47.55 ,75.89999999999999
214.5 ,-46.05 ,76.64999999999999
214.5 ,-48.15 ,76.2
216.15 ,-48.75 ,79.35
216.75 ,-46.199999999999996 ,77.1
216.29999999999998 ,-47.55 ,79.8
217.5 ,-47.25 ,79.8
217.5 ,-46.35 ,80.55
218.7 ,-45.6 ,81.14999999999999
219.0 ,-46.35 ,81.6
221.25 ,-45.6 ,87.14999999999999
224.1 ,-43.5 ,90.6
224.7 ,-43.05 ,97.35
225.45 ,-44.55 ,98.55
225.45 ,-43.5 ,100.8
226.65 ,-42.449999999999996 ,104.7
226.65 ,-42.6 ,105.89999999999999
223.79999999999998 ,-43.199999999999996 ,107.85
225.6 ,-43.05 ,111.3
225.29999999999998 ,-40.949999999999996 ,114.3
225.45 ,-40.949999999999996 ,114.3
226.04999999999998 ,-39.15 ,118.19999999999999
225.6 ,-40.65 ,118.19999999999999
224.54999999999998 ,-40.949999999999996 ,120.89999999999999
224.54999999999998 ,-40.35 ,121.94999999999999
223.5 ,-40.5 ,124.05
225.6 ,-40.5 ,126.3
223.5 ,-41.25 ,127.5
223.04999999999998 ,-39.75 ,129.45
221.4 ,-42.0 ,132.6
221.25 ,-40.05 ,133.5
222.0 ,-41.25 ,134.7
220.2 ,-41.85 ,137.1
218.7 ,-42.9 ,141.0
216.0 ,-41.4 ,139.04999999999998
216.9 ,-41.85 ,141.29999999999998
216.6 ,-42.0 ,142.79999999999998
214.79999999999998 ,-43.05 ,144.0
213.9 ,-42.0 ,144.9
212.54999999999998 ,-42.3 ,147.0
211.95 ,-42.3 ,147.45
211.2 ,-41.85 ,147.29999999999998
211.2 ,-43.05 ,147.29999999999998
211.04999999999998 ,-43.65 ,148.04999999999998
210.15 ,-43.05 ,147.9
210.15 ,-41.85 ,149.1
207.75 ,-42.3 ,149.1
208.95 ,-42.3 ,149.85
210.45 ,-42.3 ,148.5
211.95 ,-42.6 ,147.75
211.2 ,-42.0 ,144.15
216.0 ,-40.5 ,138.15
218.7 ,-38.699999999999996 ,136.2
220.95 ,-37.8 ,129.45
223.35 ,-38.699999999999996 ,124.19999999999999
225.9 ,-36.9 ,119.55
225.45 ,-37.35 ,112.35
226.35 ,-36.15 ,105.45
225.9 ,-36.6 ,97.95
224.25 ,-39.15 ,91.64999999999999
221.1 ,-39.449999999999996 ,87.14999999999999
220.2 ,-40.05 ,80.55
217.04999999999998 ,-41.1 ,73.35
210.9 ,-43.5 ,68.1
205.5 ,-45.449999999999996 ,66.0
200.54999999999998 ,-42.6 ,63.15
191.54999999999998 ,-42.6 ,58.199999999999996
183.15 ,-43.65 ,55.5
175.2 ,-45.75 ,56.25
169.79999999999998 ,-42.9 ,57.9
167.54999999999998 ,-43.8 ,57.449999999999996
163.2 ,-43.05 ,57.449999999999996
161.54999999999998 ,-42.3 ,56.4
162.29999999999998 ,-45.15 ,57.449999999999996
163.04999999999998 ,-45.75 ,57.9
163.95 ,-44.4 ,57.449999999999996
162.29999999999998 ,-45.75 ,58.8
161.7 ,-45.75 ,57.9
162.6 ,-47.25 ,57.0
162.75 ,-47.25 ,57.15
163.95 ,-47.4 ,57.9
166.04999999999998 ,-48.15 ,56.55
170.54999999999998 ,-47.55 ,57.75
170.25 ,-50.1 ,55.65
171.15 ,-46.949999999999996 ,56.699999999999996
173.25 ,-46.8 ,57.0
173.7 ,-46.949999999999996 ,56.699999999999996
175.2 ,-47.699999999999996 ,56.25
174.15 ,-46.05 ,55.5
171.75 ,-44.4 ,55.65
172.79999999999998 ,-45.0 ,55.5
172.79999999999998 ,-42.449999999999996 ,56.55
172.04999999999998 ,-44.25 ,56.699999999999996
172.35 ,-41.4 ,54.9
174.6 ,-38.85 ,54.0
176.54999999999998 ,-39.75 ,54.3
177.0 ,-39.3 ,54.3
178.35 ,-39.9 ,53.699999999999996
177.45 ,-38.55 ,54.75
178.35 ,-38.55 ,53.4
177.6 ,-40.05 ,57.0
176.85 ,-38.85 ,54.0
176.7 ,-42.3 ,55.5
176.1 ,-42.9 ,55.5
175.65 ,-46.65 ,57.3
175.2 ,-47.699999999999996 ,56.4
171.9 ,-51.449999999999996 ,57.75
172.65 ,-53.55 ,59.25
172.79999999999998 ,-55.65 ,59.699999999999996
172.04999999999998 ,-60.15 ,60.599999999999994
170.1 ,-61.199999999999996 ,63.9
171.6 ,-62.55 ,65.7
171.29999999999998 ,-65.85 ,66.45
172.04999999999998 ,-68.7 ,67.95
173.4 ,-70.05 ,68.7
176.54999999999998 ,-70.8 ,70.5
176.25 ,-71.39999999999999 ,71.85
176.85 ,-73.2 ,72.6
180.29999999999998 ,-73.5 ,74.39999999999999
179.85 ,-74.1 ,76.95
181.35 ,-75.0 ,76.95
187.79999999999998 ,-75.75 ,77.85
188.85 ,-73.8 ,79.5
155.1 ,-73.5 ,79.35
194.4 ,-73.8 ,80.55
197.1 ,-70.05 ,83.1
204.75 ,-68.85 ,83.1
204.9 ,-68.85 ,84.89999999999999
210.29999999999998 ,-63.9 ,84.89999999999999
211.79999999999998 ,-64.95 ,87.75
214.79999999999998 ,-60.75 ,90.14999999999999
217.5 ,-58.949999999999996 ,90.14999999999999
219.15 ,-56.4 ,89.39999999999999
221.25 ,-52.35 ,91.2
222.6 ,-50.1 ,93.89999999999999
224.54999999999998 ,-47.55 ,94.95
224.25 ,-45.449999999999996 ,95.85
226.04999999999998 ,-43.5 ,98.25
226.2 ,-40.949999999999996 ,100.5
227.1 ,-39.15 ,100.35
227.1 ,-38.1 ,100.8
227.4 ,-36.75 ,101.1
228.15 ,-34.949999999999996 ,101.7
228.29999999999998 ,-33.0 ,102.45
228.0 ,-32.85 ,102.75
226.79999999999998 ,-30.0 ,103.95
227.4 ,-30.599999999999998 ,102.45
227.1 ,-30.0 ,102.89999999999999
229.04999999999998 ,-28.799999999999997 ,102.6
228.9 ,-29.099999999999998 ,100.35
226.65 ,-29.849999999999998 ,100.5
228.75 ,-28.05 ,96.75
226.2 ,-27.45 ,92.1
227.1 ,-27.75 ,89.39999999999999
224.7 ,-26.25 ,85.95
223.2 ,-25.95 ,85.95
220.95 ,-23.55 ,77.1
218.25 ,-25.2 ,76.35
214.65 ,-25.5 ,67.5
210.45 ,-24.9 ,68.7
206.1 ,-25.349999999999998 ,61.349999999999994
200.85 ,-22.8 ,60.3
195.6 ,-22.5 ,57.449999999999996
191.7 ,-23.4 ,53.55
186.75 ,-21.75 ,53.25
178.2 ,-24.599999999999998 ,52.65
172.04999999999998 ,-25.2 ,53.55
161.1 ,-26.099999999999998 ,53.699999999999996
153.0 ,-29.4 ,57.449999999999996
147.6 ,-30.299999999999997 ,61.199999999999996
140.85 ,-32.25 ,62.699999999999996
137.54999999999998 ,-36.15 ,65.85
133.35 ,-36.75 ,67.5
131.85 ,-38.1 ,74.1
127.5 ,-41.85 ,75.45
125.85 ,-43.199999999999996 ,78.75
128.1 ,-47.25 ,81.14999999999999
126.75 ,-49.5 ,82.64999999999999
128.7 ,-51.9 ,83.7
129.75 ,-53.55 ,87.0
132.29999999999998 ,-60.599999999999994 ,87.0
132.29999999999998 ,-61.199999999999996 ,88.5
135.15 ,-66.3 ,89.55
138.29999999999998 ,-67.05 ,90.6
141.6 ,-70.8 ,91.05
145.5 ,-75.6 ,91.95
151.79999999999998 ,-79.05 ,94.8
155.1 ,-80.39999999999999 ,94.8
160.2 ,-82.2 ,97.35
163.35 ,-82.05 ,98.85
166.79999999999998 ,-83.85 ,101.1
173.1 ,-83.85 ,103.5
175.65 ,-84.75 ,104.39999999999999
182.4 ,-84.0 ,105.75
187.04999999999998 ,-82.95 ,108.6
191.85 ,-80.39999999999999 ,110.55
195.45 ,-79.05 ,114.3
201.0 ,-76.35 ,115.8
202.04999999999998 ,-76.05 ,118.94999999999999
206.85 ,-71.85 ,120.6
207.45 ,-69.3 ,122.85
207.6 ,-67.05 ,123.89999999999999
211.04999999999998 ,-65.7 ,123.89999999999999
212.4 ,-64.35 ,126.75
213.45 ,-60.0 ,127.05
215.85 ,-58.05 ,126.75
216.9 ,-55.05 ,127.94999999999999
219.45 ,-53.1 ,125.1
221.4 ,-51.3 ,123.14999999999999
223.04999999999998 ,-48.75 ,119.85
225.15 ,-47.25 ,118.19999999999999
225.15 ,-46.65 ,117.44999999999999
226.35 ,-43.8 ,113.25
228.0 ,-41.85 ,110.39999999999999
230.39999999999998 ,-39.15 ,108.14999999999999
229.2 ,-39.75 ,103.95
230.39999999999998 ,-36.75 ,97.5
228.9 ,-35.4 ,91.64999999999999
228.9 ,-35.1 ,88.05
225.9 ,-33.449999999999996 ,81.6
224.25 ,-32.55 ,81.6
221.1 ,-31.049999999999997 ,71.55
215.4 ,-30.45 ,69.75
208.04999999999998 ,-30.599999999999998 ,58.5
200.25 ,-30.9 ,57.449999999999996
192.45 ,-29.099999999999998 ,53.25
184.5 ,-28.349999999999998 ,50.85
178.95 ,-27.3 ,51.15
166.04999999999998 ,-27.9 ,53.4
159.15 ,-27.3 ,56.4
149.54999999999998 ,-29.4 ,57.449999999999996
146.85 ,-28.349999999999998 ,59.4
141.9 ,-32.85 ,62.4
138.45 ,-32.55 ,65.39999999999999
138.15 ,-36.3 ,68.25
134.4 ,-38.1 ,68.55
133.04999999999998 ,-40.949999999999996 ,73.5
131.1 ,-42.6 ,74.25
130.2 ,-46.65 ,77.1
128.85 ,-48.75 ,80.1
129.45 ,-53.1 ,82.35
130.5 ,-56.25 ,84.3
131.85 ,-58.349999999999994 ,84.45
136.04999999999998 ,-62.699999999999996 ,87.45
137.7 ,-65.7 ,89.39999999999999
139.65 ,-70.95 ,92.39999999999999
142.95 ,-73.8 ,91.8
144.45 ,-74.55 ,95.1
148.5 ,-76.95 ,95.85
152.7 ,-77.85 ,97.5
154.65 ,-80.39999999999999 ,98.85
156.0 ,-79.8 ,98.25
159.15 ,-80.85 ,99.3
157.65 ,-81.0 ,99.0
158.7 ,-81.0 ,97.35
158.1 ,-82.05 ,97.2
156.29999999999998 ,-81.0 ,97.5
155.25 ,-78.75 ,95.7
153.15 ,-76.95 ,94.35
148.5 ,-76.5 ,94.8
148.2 ,-73.95 ,94.64999999999999
144.45 ,-72.89999999999999 ,95.55
144.45 ,-70.8 ,96.45
137.4 ,-68.25 ,95.85
135.29999999999998 ,-63.75 ,94.8
129.9 ,-61.349999999999994 ,95.7
129.0 ,-60.15 ,95.55
128.1 ,-57.599999999999994 ,96.3
128.1 ,-54.9 ,96.3
124.05 ,-51.449999999999996 ,97.5
124.05 ,-50.699999999999996 ,99.0
122.39999999999999 ,-46.949999999999996 ,96.3
120.6 ,-45.75 ,97.05
122.25 ,-41.85 ,97.5
120.6 ,-38.85 ,96.75
121.5 ,-38.85 ,95.55
121.5 ,-34.65 ,92.39999999999999
120.3 ,-32.25 ,89.85
122.25 ,-25.95 ,86.55
123.44999999999999 ,-23.4 ,85.95
126.14999999999999 ,-16.05 ,83.1
128.7 ,-13.65 ,81.14999999999999
130.2 ,-9.45 ,77.55
135.15 ,-5.85 ,75.6
139.5 ,-3.4499999999999997 ,71.85
144.9 ,-1.5 ,71.1
146.85 ,-0.8999999999999999 ,69.75
152.7 ,0.75 ,66.75
158.85 ,0.3 ,65.1
166.95 ,-1.5 ,64.64999999999999
173.25 ,-1.5 ,63.3
178.04999999999998 ,-5.25 ,62.849999999999994
183.9 ,-5.25 ,61.8
188.7 ,-12.0 ,62.699999999999996
191.7 ,-12.9 ,61.05
194.4 ,-20.4 ,60.9
196.2 ,-26.25 ,60.3
197.54999999999998 ,-32.25 ,61.199999999999996
198.0 ,-35.1 ,60.9
196.35 ,-41.699999999999996 ,61.8
195.45 ,-45.0 ,61.8
195.9 ,-47.55 ,63.449999999999996
194.4 ,-55.05 ,65.39999999999999
193.79999999999998 ,-54.0 ,66.75
193.2 ,-61.199999999999996 ,68.7
191.1 ,-62.4 ,68.7
189.75 ,-65.7 ,71.55
188.4 ,-68.7 ,70.95
187.79999999999998 ,-71.25 ,75.89999999999999
186.6 ,-75.75 ,77.55
186.6 ,-75.89999999999999 ,81.14999999999999
187.5 ,-76.64999999999999 ,82.5
186.15 ,-79.8 ,87.14999999999999
187.79999999999998 ,-79.05 ,90.6
188.1 ,-81.0 ,93.89999999999999
189.45 ,-81.0 ,99.0
190.2 ,-80.25 ,102.6
192.29999999999998 ,-80.85 ,104.85
192.75 ,-80.25 ,109.64999999999999
194.54999999999998 ,-79.5 ,114.89999999999999
195.45 ,-78.3 ,115.8
196.65 ,-76.5 ,121.35
198.15 ,-75.0 ,122.69999999999999
198.0 ,-72.75 ,127.05
198.75 ,-72.6 ,129.0
200.25 ,-69.0 ,131.7
200.25 ,-69.45 ,134.7
199.79999999999998 ,-65.85 ,136.5
201.29999999999998 ,-63.75 ,135.15
201.6 ,-63.9 ,138.0
203.7 ,-61.199999999999996 ,137.54999999999998
204.0 ,-61.949999999999996 ,138.15
205.35 ,-61.5 ,136.2
208.95 ,-60.0 ,135.6
209.85 ,-58.8 ,134.25
213.29999999999998 ,-57.449999999999996 ,132.9
213.45 ,-56.25 ,128.1
217.35 ,-54.9 ,125.25
220.95 ,-53.699999999999996 ,118.8
223.2 ,-51.9 ,116.55
225.29999999999998 ,-50.699999999999996 ,113.55
224.7 ,-48.6 ,108.0
226.65 ,-48.6 ,102.14999999999999
225.15 ,-44.55 ,97.95
225.9 ,-44.25 ,94.05
224.54999999999998 ,-41.4 ,88.95
224.1 ,-41.85 ,86.25
220.95 ,-41.85 ,80.85
218.85 ,-41.4 ,78.3
215.54999999999998 ,-38.55 ,73.64999999999999
211.95 ,-35.55 ,72.0
211.95 ,-36.6 ,66.45
207.45 ,-35.4 ,63.599999999999994
204.6 ,-36.15 ,60.449999999999996
193.5 ,-36.3 ,57.449999999999996
192.29999999999998 ,-36.3 ,54.9
183.9 ,-36.6 ,54.9
179.4 ,-36.75 ,54.3
174.15 ,-38.55 ,54.0
168.75 ,-36.75 ,54.15
164.7 ,-38.699999999999996 ,57.15
156.9 ,-40.35 ,58.199999999999996
150.9 ,-42.0 ,63.9
144.6 ,-42.9 ,64.35
144.15 ,-46.05 ,69.0
140.4 ,-47.4 ,69.75
138.75 ,-50.85 ,73.5
136.35 ,-53.55 ,80.39999999999999
134.7 ,-57.599999999999994 ,84.14999999999999
134.4 ,-58.949999999999996 ,88.64999999999999
133.65 ,-60.9 ,90.14999999999999
133.2 ,-63.75 ,97.5
132.45 ,-65.25 ,98.7
135.15 ,-65.7 ,104.7
133.35 ,-67.05 ,106.35
133.35 ,-66.3 ,108.89999999999999
134.85 ,-66.89999999999999 ,111.14999999999999
135.6 ,-66.6 ,113.1
134.54999999999998 ,-66.14999999999999 ,113.55
133.95 ,-65.25 ,113.39999999999999
132.6 ,-61.349999999999994 ,113.7
130.79999999999998 ,-61.5 ,114.45
129.15 ,-59.4 ,113.25
127.5 ,-57.449999999999996 ,113.7
125.85 ,-52.5 ,113.39999999999999
123.44999999999999 ,-50.1 ,114.14999999999999
123.0 ,-45.75 ,112.05
121.5 ,-43.199999999999996 ,109.8
120.14999999999999 ,-41.1 ,109.5
119.1 ,-39.3 ,108.3
117.6 ,-35.55 ,104.7
118.94999999999999 ,-33.6 ,101.39999999999999
119.69999999999999 ,-31.65 ,96.3
121.94999999999999 ,-30.0 ,91.05
122.69999999999999 ,-28.05 ,85.05
123.89999999999999 ,-24.599999999999998 ,82.35
127.05 ,-24.0 ,78.89999999999999
130.35 ,-17.849999999999998 ,73.5
134.85 ,-16.2 ,72.75
141.9 ,-10.95 ,68.1
144.0 ,-9.0 ,66.6
152.54999999999998 ,-4.05 ,65.55
161.85 ,-2.85 ,63.449999999999996
167.7 ,-1.5 ,64.05
171.9 ,-2.6999999999999997 ,63.9
174.75 ,-1.05 ,65.1
184.2 ,-2.6999999999999997 ,67.05
189.0 ,-3.3 ,67.95
195.6 ,-4.5 ,67.95
198.9 ,-7.35 ,69.75
204.15 ,-13.35 ,71.25
209.25 ,-15.45 ,74.1
210.45 ,-18.599999999999998 ,75.6
211.95 ,-20.55 ,38.699999999999996
214.95 ,-26.7 ,78.6
216.75 ,-27.75 ,78.0
216.6 ,-30.45 ,81.14999999999999
216.6 ,-34.05 ,78.75
216.6 ,-38.85 ,78.0
213.45 ,-43.8 ,79.05
215.4 ,-43.8 ,78.0
213.15 ,-50.55 ,77.39999999999999
212.1 ,-51.449999999999996 ,75.45
207.29999999999998 ,-57.15 ,72.45
202.79999999999998 ,-58.05 ,72.14999999999999
197.54999999999998 ,-63.449999999999996 ,70.95
192.29999999999998 ,-65.85 ,69.75
186.75 ,-66.45 ,68.7
179.7 ,-68.25 ,69.45
177.6 ,-70.2 ,69.75
171.0 ,-69.3 ,72.14999999999999
166.95 ,-71.39999999999999 ,73.95
161.54999999999998 ,-72.14999999999999 ,75.45
157.95 ,-72.0 ,77.1
156.29999999999998 ,-71.55 ,78.14999999999999
154.79999999999998 ,-72.6 ,82.05
152.54999999999998 ,-74.55 ,82.5
154.2 ,-75.6 ,85.2
154.65 ,-77.7 ,87.89999999999999
156.0 ,-79.5 ,89.39999999999999
159.9 ,-80.1 ,90.89999999999999
160.95 ,-82.2 ,93.3
164.4 ,-83.85 ,96.3
166.79999999999998 ,-83.55 ,99.75
170.25 ,-84.75 ,100.5
173.1 ,-85.8 ,102.0
174.6 ,-82.95 ,105.6
177.6 ,-85.05 ,106.95
179.85 ,-84.0 ,107.25
184.04999999999998 ,-84.14999999999999 ,109.05
185.25 ,-84.6 ,111.14999999999999
187.5 ,-82.2 ,112.64999999999999
189.45 ,-82.95 ,112.5
190.5 ,-82.95 ,113.25
192.0 ,-81.89999999999999 ,115.94999999999999
193.2 ,-81.0 ,117.44999999999999
194.54999999999998 ,-80.1 ,116.39999999999999
194.85 ,-79.05 ,117.75
196.95 ,-80.1 ,118.64999999999999
196.65 ,-77.55 ,118.94999999999999
198.9 ,-77.85 ,119.25
197.7 ,-78.3 ,116.39999999999999
200.4 ,-78.3 ,114.75
199.2 ,-75.89999999999999 ,112.64999999999999
202.5 ,-76.64999999999999 ,111.14999999999999
202.5 ,-77.7 ,109.5
202.79999999999998 ,-78.75 ,105.45
201.75 ,-77.25 ,102.45
203.85 ,-76.95 ,99.0
202.04999999999998 ,-75.75 ,99.3
199.2 ,-77.55 ,92.7
197.7 ,-77.1 ,89.7
193.5 ,-75.3 ,82.35
188.85 ,-75.0 ,81.3
186.15 ,-73.95 ,75.89999999999999
180.45 ,-70.8 ,72.14999999999999
177.6 ,-68.1 ,71.55
171.0 ,-66.89999999999999 ,68.25
166.04999999999998 ,-65.85 ,68.1
159.9 ,-62.699999999999996 ,68.25
155.4 ,-61.199999999999996 ,68.25
149.85 ,-56.85 ,69.45
147.29999999999998 ,-56.25 ,69.3
143.1 ,-54.449999999999996 ,74.1
137.54999999999998 ,-50.85 ,75.45
134.54999999999998 ,-49.949999999999996 ,81.3
130.95 ,-47.25 ,84.45
128.25 ,-46.199999999999996 ,88.8
126.0 ,-44.55 ,92.39999999999999
124.8 ,-42.9 ,93.89999999999999
122.25 ,-42.3 ,96.45
123.0 ,-43.199999999999996 ,98.25
122.39999999999999 ,-42.0 ,100.2
122.25 ,-43.65 ,104.39999999999999
121.94999999999999 ,-44.55 ,105.6
122.55 ,-46.05 ,108.3
124.5 ,-49.5 ,110.85
124.5 ,-48.75 ,115.19999999999999
126.75 ,-53.55 ,116.55
129.6 ,-54.9 ,117.44999999999999
129.6 ,-58.05 ,121.19999999999999
133.65 ,-60.75 ,122.39999999999999
132.6 ,-61.949999999999996 ,126.44999999999999
137.54999999999998 ,-62.699999999999996 ,126.0
136.79999999999998 ,-62.699999999999996 ,127.35
138.9 ,-63.449999999999996 ,129.45
138.75 ,-63.449999999999996 ,131.1
139.04999999999998 ,-60.9 ,132.6
139.65 ,-60.9 ,131.4
139.2 ,-60.75 ,133.5
139.5 ,-58.349999999999994 ,133.2
137.7 ,-56.85 ,133.65
137.25 ,-55.5 ,133.35
135.6 ,-52.5 ,134.4
135.9 ,-49.5 ,135.9
133.65 ,-48.75 ,137.85
134.4 ,-44.55 ,135.9
133.2 ,-43.8 ,135.75
133.35 ,-41.699999999999996 ,138.0
132.29999999999998 ,-41.699999999999996 ,135.6
129.6 ,-39.75 ,134.85
129.6 ,-39.15 ,132.75
128.4 ,-39.15 ,131.1
129.0 ,-39.15 ,129.75
127.35 ,-39.9 ,127.05
125.25 ,-41.1 ,126.75
126.14999999999999 ,-42.6 ,127.19999999999999
127.94999999999999 ,-43.199999999999996 ,125.55
126.89999999999999 ,-47.25 ,124.19999999999999
127.5 ,-48.3 ,124.8
127.35 ,-53.25 ,121.94999999999999
129.15 ,-55.65 ,121.19999999999999
129.15 ,-57.449999999999996 ,118.05
130.5 ,-60.75 ,118.19999999999999
131.85 ,-61.199999999999996 ,115.64999999999999
134.7 ,-65.85 ,114.14999999999999
136.35 ,-67.2 ,112.8
138.45 ,-69.0 ,112.5
141.75 ,-72.14999999999999 ,111.89999999999999
144.15 ,-75.14999999999999 ,111.0
147.45 ,-76.5 ,109.05
150.9 ,-78.45 ,108.14999999999999
153.45 ,-79.64999999999999 ,108.6
159.0 ,-82.64999999999999 ,104.1
160.65 ,-82.64999999999999 ,103.5
165.29999999999998 ,-84.6 ,102.45
169.5 ,-83.85 ,101.25
173.85 ,-84.75 ,100.35
176.7 ,-84.0 ,97.5
178.04999999999998 ,-83.85 ,94.95
184.95 ,-82.05 ,91.05
184.65 ,-80.39999999999999 ,90.6
189.6 ,-77.25 ,87.0
190.65 ,-76.95 ,82.8
194.4 ,-73.2 ,77.55
196.35 ,-70.2 ,77.25
195.45 ,-63.3 ,71.85
196.2 ,-59.4 ,70.8
199.65 ,-55.65 ,66.3
199.65 ,-48.6 ,64.64999999999999
199.04999999999998 ,-43.5 ,62.4
197.4 ,-38.1 ,60.599999999999994
197.4 ,-37.35 ,61.199999999999996
197.7 ,-32.85 ,60.15
198.0 ,-27.3 ,61.8
198.29999999999998 ,-20.849999999999998 ,61.65
197.54999999999998 ,-19.349999999999998 ,61.65
196.79999999999998 ,-16.5 ,63.3
196.04999999999998 ,-13.95 ,61.65
194.1 ,-14.549999999999999 ,64.2
197.7 ,-13.049999999999999 ,65.39999999999999
194.1 ,-11.7 ,64.05
191.54999999999998 ,-12.0 ,63.15
191.54999999999998 ,-12.0 ,62.849999999999994
188.4 ,-11.7 ,59.699999999999996
185.4 ,-13.049999999999999 ,60.599999999999994
179.54999999999998 ,-12.6 ,59.25
177.29999999999998 ,-12.9 ,59.849999999999994
171.9 ,-12.9 ,60.3
168.29999999999998 ,-13.5 ,60.15
160.65 ,-12.6 ,61.05
156.0 ,-10.95 ,61.349999999999994
149.85 ,-11.7 ,66.45
144.6 ,-10.95 ,68.1
143.85 ,-12.9 ,72.45
137.4 ,-16.05 ,75.6
132.0 ,-18.3 ,82.5
125.1 ,-21.599999999999998 ,84.45
124.64999999999999 ,-22.95 ,91.64999999999999
123.0 ,-28.05 ,97.5
119.55 ,-29.849999999999998 ,103.5
120.44999999999999 ,-34.199999999999996 ,107.1
120.3 ,-35.699999999999996 ,109.05
121.94999999999999 ,-38.85 ,113.7
121.5 ,-42.3 ,115.19999999999999
123.89999999999999 ,-43.199999999999996 ,121.94999999999999
125.85 ,-48.15 ,123.89999999999999
127.64999999999999 ,-49.35 ,125.69999999999999
129.15 ,-52.949999999999996 ,128.1
131.7 ,-55.05 ,129.0
134.1 ,-57.449999999999996 ,128.7
133.35 ,-58.199999999999996 ,130.5
139.2 ,-60.15 ,131.85
138.9 ,-61.199999999999996 ,131.25
140.85 ,-60.599999999999994 ,131.7
141.9 ,-60.9 ,132.6
142.5 ,-63.0 ,132.45
142.04999999999998 ,-63.15 ,130.5
141.29999999999998 ,-63.449999999999996 ,131.7
142.65 ,-63.75 ,130.79999999999998
142.65 ,-63.75 ,128.25
141.15 ,-64.35 ,127.5
141.75 ,-65.85 ,127.5
140.4 ,-63.9 ,123.44999999999999
138.0 ,-63.75 ,122.85
138.29999999999998 ,-64.35 ,122.39999999999999
136.95 ,-62.55 ,120.14999999999999
135.15 ,-60.599999999999994 ,116.69999999999999
132.29999999999998 ,-61.199999999999996 ,115.64999999999999
130.35 ,-58.8 ,109.8
128.4 ,-54.6 ,105.75
126.3 ,-53.1 ,98.55
125.25 ,-48.15 ,91.35
126.89999999999999 ,-45.15 ,87.14999999999999
127.35 ,-42.3 ,80.25
130.2 ,-39.3 ,74.1
133.79999999999998 ,-36.3 ,66.45
136.79999999999998 ,-33.0 ,62.55
146.25 ,-29.4 ,59.4
151.95 ,-25.95 ,58.5
158.4 ,-24.9 ,55.65
165.6 ,-24.599999999999998 ,57.0
171.6 ,-24.15 ,55.5
179.85 ,-25.2 ,55.8
186.75 ,-24.599999999999998 ,57.9
189.15 ,-23.7 ,59.4
189.15 ,-25.349999999999998 ,60.449999999999996
196.04999999999998 ,-24.599999999999998 ,63.449999999999996
197.54999999999998 ,-27.45 ,66.45
203.7 ,-27.9 ,68.55
207.29999999999998 ,-28.349999999999998 ,71.1
209.85 ,-30.45 ,73.35
212.7 ,-30.45 ,75.75
214.5 ,-34.199999999999996 ,76.95
216.15 ,-34.8 ,77.55
216.6 ,-36.0 ,79.5
216.15 ,-36.75 ,79.8
217.79999999999998 ,-38.55 ,85.05
219.45 ,-41.25 ,85.64999999999999
219.9 ,-44.1 ,89.85
222.29999999999998 ,-46.949999999999996 ,92.55
222.29999999999998 ,-47.699999999999996 ,95.55
221.25 ,-49.5 ,99.3
221.85 ,-51.3 ,100.35
222.45 ,-52.65 ,102.89999999999999
222.6 ,-53.699999999999996 ,105.0
221.4 ,-55.199999999999996 ,107.25
220.95 ,-56.25 ,110.1
219.6 ,-58.8 ,114.3
220.5 ,-59.4 ,114.3
218.7 ,-63.75 ,115.64999999999999
217.04999999999998 ,-63.0 ,116.25
216.75 ,-64.35 ,118.94999999999999
213.0 ,-66.14999999999999 ,119.25
210.6 ,-68.39999999999999 ,121.05
208.79999999999998 ,-69.6 ,123.14999999999999
209.7 ,-71.85 ,124.8
205.65 ,-71.39999999999999 ,125.55
203.4 ,-73.2 ,129.75
201.6 ,-73.2 ,131.85
198.9 ,-72.0 ,133.35
196.2 ,-72.14999999999999 ,137.1
196.65 ,-70.8 ,136.35
196.2 ,-68.7 ,139.04999999999998
196.95 ,-65.25 ,140.85
196.04999999999998 ,-65.55 ,142.79999999999998
195.45 ,-63.9 ,143.25
196.04999999999998 ,-60.75 ,145.65
198.75 ,-56.4 ,145.5
200.4 ,-55.05 ,145.79999999999998
202.04999999999998 ,-50.85 ,145.04999999999998
202.79999999999998 ,-48.15 ,145.79999999999998
207.75 ,-45.6 ,144.29999999999998
207.75 ,-43.8 ,144.29999999999998
213.15 ,-41.85 ,140.85
214.5 ,-40.5 ,138.6
218.4 ,-35.55 ,130.2
222.45 ,-32.55 ,130.04999999999998
225.45 ,-31.049999999999997 ,119.69999999999999
226.95 ,-30.0 ,117.89999999999999
226.79999999999998 ,-27.45 ,111.75
228.9 ,-26.7 ,105.89999999999999
227.54999999999998 ,-24.9 ,98.25
227.54999999999998 ,-27.15 ,93.89999999999999
225.9 ,-26.25 ,93.3
224.54999999999998 ,-26.55 ,87.45
221.85 ,-27.3 ,82.8
219.75 ,-27.3 ,78.14999999999999
216.9 ,-25.65 ,73.35
213.75 ,-26.55 ,70.5
209.54999999999998 ,-25.95 ,68.85
206.7 ,-25.2 ,64.8
203.85 ,-24.75 ,61.8
201.15 ,-23.099999999999998 ,58.65
193.2 ,-22.8 ,57.75
190.5 ,-22.8 ,57.0
183.29999999999998 ,-22.8 ,56.4
179.7 ,-21.45 ,55.65
172.65 ,-21.599999999999998 ,56.25
167.4 ,-21.599999999999998 ,56.55
162.75 ,-23.7 ,58.8
156.6 ,-24.599999999999998 ,59.4
151.35 ,-27.3 ,61.349999999999994
145.5 ,-29.7 ,63.449999999999996
144.45 ,-30.0 ,66.3
140.1 ,-33.15 ,70.5
137.54999999999998 ,-34.949999999999996 ,74.39999999999999
133.65 ,-36.75 ,77.55
132.6 ,-39.9 ,79.5
129.9 ,-40.65 ,84.75
127.5 ,-42.9 ,88.8
126.75 ,-44.85 ,91.35
124.8 ,-46.35 ,93.89999999999999
126.0 ,-49.199999999999996 ,100.2
125.25 ,-50.4 ,102.45
124.64999999999999 ,-50.55 ,106.35
126.14999999999999 ,-49.8 ,107.1
126.14999999999999 ,-51.15 ,111.0
127.35 ,-53.1 ,114.45
126.6 ,-53.25 ,117.3
127.94999999999999 ,-54.3 ,119.55
128.4 ,-53.699999999999996 ,121.19999999999999
130.5 ,-54.0 ,122.69999999999999
131.7 ,-57.449999999999996 ,126.0
132.75 ,-57.15 ,124.8
133.65 ,-59.4 ,124.8
135.29999999999998 ,-59.25 ,125.1
135.29999999999998 ,-60.75 ,125.69999999999999
135.6 ,-62.099999999999994 ,125.55
136.2 ,-60.9 ,123.6
136.2 ,-62.4 ,122.69999999999999
135.9 ,-63.449999999999996 ,121.94999999999999
135.29999999999998 ,-63.449999999999996 ,120.3
135.6 ,-63.9 ,119.69999999999999
135.29999999999998 ,-64.35 ,114.75
134.1 ,-65.55 ,114.75
135.15 ,-64.95 ,114.75
136.35 ,-65.1 ,113.25
136.65 ,-68.25 ,115.19999999999999
138.9 ,-68.39999999999999 ,112.05
140.25 ,-71.25 ,111.0
139.04999999999998 ,-70.05 ,111.0
141.29999999999998 ,-72.14999999999999 ,110.55
140.1 ,-72.45 ,109.8
141.0 ,-73.35 ,107.39999999999999
141.0 ,-73.35 ,106.5
142.95 ,-73.8 ,105.89999999999999
142.95 ,-72.89999999999999 ,105.45
141.75 ,-75.0 ,104.7
143.1 ,-75.14999999999999 ,104.1
144.75 ,-75.0 ,103.5
145.35 ,-76.35 ,103.2
147.0 ,-75.75 ,100.05
147.45 ,-77.55 ,99.45
147.29999999999998 ,-76.35 ,98.7
148.79999999999998 ,-76.35 ,96.0
148.79999999999998 ,-76.35 ,94.35
147.0 ,-73.2 ,93.45
146.54999999999998 ,-73.2 ,91.05
145.95 ,-74.55 ,92.1
144.9 ,-73.95 ,91.2
145.79999999999998 ,-74.7 ,91.95
144.9 ,-73.95 ,92.7
144.9 ,-74.55 ,92.7
144.9 ,-74.7 ,95.7
146.54999999999998 ,-75.14999999999999 ,94.8
147.0 ,-75.6 ,94.95
145.35 ,-76.5 ,94.95
146.25 ,-76.5 ,96.45
146.85 ,-75.0 ,97.5
147.0 ,-77.85 ,98.55
148.95 ,-76.5 ,98.55
150.15 ,-78.45 ,100.95
149.7 ,-76.5 ,101.39999999999999
150.45 ,-78.45 ,102.14999999999999
150.6 ,-79.5 ,102.0
150.6 ,-78.3 ,103.2
153.9 ,-79.64999999999999 ,104.7
152.54999999999998 ,-79.8 ,106.64999999999999
153.75 ,-80.7 ,107.39999999999999
151.65 ,-81.3 ,110.39999999999999
154.5 ,-81.6 ,109.5
154.5 ,-81.6 ,112.35
155.85 ,-80.1 ,113.7
155.1 ,-81.3 ,116.39999999999999
156.0 ,-80.39999999999999 ,117.44999999999999
156.9 ,-80.1 ,120.14999999999999
159.0 ,-78.75 ,119.25
159.9 ,-81.0 ,120.6
162.6 ,-80.1 ,124.05
166.2 ,-79.8 ,123.6
165.9 ,-79.8 ,125.1
169.65 ,-79.2 ,125.85
171.15 ,-79.5 ,125.85
173.1 ,-77.55 ,128.1
175.35 ,-77.25 ,129.75
178.2 ,-75.89999999999999 ,132.45
183.0 ,-75.14999999999999 ,132.15
184.04999999999998 ,-74.39999999999999 ,132.0
187.5 ,-73.8 ,132.0
188.1 ,-71.39999999999999 ,131.7
194.54999999999998 ,-72.0 ,132.6
195.9 ,-69.3 ,132.15
199.79999999999998 ,-65.7 ,130.95
203.4 ,-65.7 ,131.85
205.5 ,-61.949999999999996 ,130.2
207.0 ,-62.699999999999996 ,127.94999999999999
211.2 ,-58.8 ,127.05
213.45 ,-57.599999999999994 ,126.0
214.79999999999998 ,-55.5 ,124.64999999999999
216.15 ,-56.1 ,123.3
217.79999999999998 ,-53.55 ,120.3
220.5 ,-50.85 ,118.64999999999999
221.4 ,-50.55 ,116.55
221.25 ,-48.3 ,115.8
221.25 ,-47.55 ,114.0
222.45 ,-43.8 ,110.39999999999999
223.35 ,-45.0 ,110.39999999999999
224.1 ,-41.85 ,108.89999999999999
224.7 ,-44.1 ,105.75
224.54999999999998 ,-41.4 ,104.7
224.1 ,-40.65 ,104.39999999999999
224.85 ,-39.75 ,100.95
222.6 ,-39.15 ,98.85
222.29999999999998 ,-39.449999999999996 ,95.39999999999999
222.29999999999998 ,-39.75 ,92.1
223.35 ,-36.6 ,91.64999999999999
223.04999999999998 ,-36.6 ,89.55
221.85 ,-36.15 ,87.14999999999999
222.6 ,-36.3 ,87.75
220.65 ,-34.8 ,84.45
221.85 ,-35.4 ,85.95
218.1 ,-35.1 ,85.05
219.6 ,-35.1 ,85.8
221.1 ,-36.0 ,86.55
221.4 ,-35.4 ,90.6
223.2 ,-36.3 ,93.3
222.6 ,-37.5 ,101.85
224.1 ,-38.55 ,105.75
224.7 ,-38.55 ,110.85
224.7 ,-40.65 ,118.19999999999999
224.54999999999998 ,-41.1 ,125.25
218.4 ,-43.05 ,131.85
214.65 ,-42.6 ,132.45
211.65 ,-44.4 ,138.9
204.15 ,-44.4 ,143.7
202.35 ,-45.15 ,148.65
197.1 ,-43.8 ,151.35
189.9 ,-42.9 ,155.25
179.85 ,-42.3 ,157.04999999999998
177.75 ,-42.449999999999996 ,158.25
165.45 ,-43.05 ,155.85
158.85 ,-42.3 ,152.85
148.04999999999998 ,-42.449999999999996 ,148.95
141.15 ,-42.449999999999996 ,145.04999999999998
134.7 ,-41.699999999999996 ,138.75
130.35 ,-43.05 ,135.15
127.35 ,-44.4 ,129.6
124.19999999999999 ,-43.5 ,127.19999999999999
121.19999999999999 ,-44.1 ,117.14999999999999
121.5 ,-44.1 ,115.05
121.5 ,-45.6 ,106.2
119.55 ,-44.55 ,98.25
120.3 ,-42.9 ,92.1
123.89999999999999 ,-44.85 ,85.95
124.8 ,-44.55 ,83.25
128.4 ,-43.8 ,78.3
130.5 ,-44.1 ,73.95
135.15 ,-43.65 ,69.3
141.29999999999998 ,-44.25 ,63.599999999999994
144.9 ,-43.8 ,61.8
150.6 ,-42.9 ,59.4
154.2 ,-42.6 ,58.949999999999996
158.7 ,-42.9 ,56.55
162.45 ,-42.0 ,55.5
167.25 ,-42.9 ,56.55
171.9 ,-44.4 ,53.4
174.9 ,-43.05 ,54.449999999999996
176.25 ,-45.0 ,55.8
179.85 ,-43.65 ,55.199999999999996
180.45 ,-43.5 ,55.05
183.9 ,-43.05 ,55.5
186.0 ,-40.949999999999996 ,55.5
189.15 ,-41.1 ,57.3
190.35 ,-41.1 ,56.699999999999996
191.85 ,-40.5 ,56.4
191.85 ,-41.25 ,58.5
192.0 ,-41.25 ,57.0
194.1 ,-41.4 ,60.599999999999994
193.5 ,-41.4 ,58.199999999999996
194.54999999999998 ,-41.85 ,59.25
192.45 ,-42.449999999999996 ,59.849999999999994
194.1 ,-44.55 ,58.5
194.4 ,-42.9 ,58.8
196.04999999999998 ,-42.6 ,60.599999999999994
196.04999999999998 ,-43.05 ,59.55
196.79999999999998 ,-43.8 ,60.3
197.54999999999998 ,-41.4 ,60.9
195.29999999999998 ,-43.05 ,59.699999999999996
196.65 ,-42.6 ,59.4
195.6 ,-43.05 ,60.599999999999994
195.29999999999998 ,-44.85 ,60.599999999999994
194.85 ,-44.4 ,61.05
195.29999999999998 ,-44.85 ,60.599999999999994
194.7 ,-44.85 ,60.3
194.85 ,-44.85 ,60.15
194.54999999999998 ,-44.25 ,60.599999999999994
195.45 ,-43.65 ,58.5
195.15 ,-44.1 ,59.25
194.7 ,-43.8 ,60.449999999999996
195.29999999999998 ,-44.55 ,60.449999999999996
196.04999999999998 ,-43.05 ,59.4
193.79999999999998 ,-44.55 ,58.65
195.15 ,-44.55 ,59.699999999999996
194.4 ,-44.25 ,59.4
194.7 ,-44.55 ,59.4
194.54999999999998 ,-43.8 ,59.699999999999996
195.29999999999998 ,-44.85 ,60.15
194.7 ,-42.6 ,59.4
195.29999999999998 ,-43.8 ,59.55
195.15 ,-45.0 ,60.15
194.85 ,-43.05 ,59.4
194.54999999999998 ,-43.8 ,59.25
194.1 ,-43.05 ,59.4
196.2 ,-43.65 ,58.5
195.15 ,-44.1 ,58.5
195.6 ,-44.85 ,60.15
194.1 ,-43.5 ,59.699999999999996
194.85 ,-42.6 ,58.8
194.54999999999998 ,-44.25 ,60.449999999999996
194.54999999999998 ,-43.199999999999996 ,59.55
195.15 ,-42.449999999999996 ,59.849999999999994
195.15 ,-42.9 ,60.3
196.79999999999998 ,-42.9 ,58.199999999999996
194.85 ,-44.85 ,58.8
194.4 ,-42.449999999999996 ,59.55
194.1 ,-42.3 ,59.4
194.85 ,-43.8 ,58.949999999999996
194.4 ,-44.4 ,61.199999999999996
196.04999999999998 ,-41.25 ,59.55
194.4 ,-42.9 ,58.05
194.1 ,-43.05 ,58.8
194.85 ,-41.25 ,59.55
195.15 ,-39.9 ,59.25
195.6 ,-40.949999999999996 ,59.25
196.95 ,-38.1 ,59.25
195.15 ,-37.35 ,58.949999999999996
194.54999999999998 ,-39.15 ,59.55
193.95 ,-38.699999999999996 ,58.199999999999996
194.54999999999998 ,-38.55 ,58.949999999999996
194.85 ,-39.449999999999996 ,58.199999999999996
193.95 ,-40.05 ,58.05
193.2 ,-40.35 ,56.4
193.2 ,-40.5 ,58.5
192.0 ,-39.75 ,57.0
189.6 ,-41.1 ,57.15
190.5 ,-39.3 ,55.949999999999996
190.35 ,-39.9 ,57.15
187.65 ,-41.25 ,56.25
187.79999999999998 ,-41.699999999999996 ,56.55
187.04999999999998 ,-41.25 ,54.3
186.29999999999998 ,-41.699999999999996 ,56.25
184.5 ,-42.449999999999996 ,54.0
184.5 ,-42.449999999999996 ,55.949999999999996
184.65 ,-42.449999999999996 ,55.05
186.6 ,-44.55 ,55.8
187.5 ,-42.449999999999996 ,55.8
184.95 ,-44.85 ,56.699999999999996
185.54999999999998 ,-44.1 ,57.449999999999996
186.15 ,-43.05 ,56.4
187.65 ,-44.85 ,57.3
187.65 ,-44.55 ,56.55
187.5 ,-45.15 ,55.05
185.54999999999998 ,-43.199999999999996 ,55.65
184.79999999999998 ,-43.199999999999996 ,55.199999999999996
182.7 ,-43.199999999999996 ,55.05
180.45 ,-41.699999999999996 ,54.3
183.15 ,-41.85 ,54.9
184.65 ,-41.85 ,54.9
183.9 ,-43.5 ,54.449999999999996
182.54999999999998 ,-42.9 ,54.0
183.45 ,-42.3 ,54.449999999999996
184.2 ,-42.449999999999996 ,54.449999999999996
181.95 ,-41.4 ,54.9
182.7 ,-43.199999999999996 ,53.699999999999996
181.79999999999998 ,-42.6 ,54.9
182.54999999999998 ,-42.449999999999996 ,55.5
181.65 ,-43.65 ,55.8
183.29999999999998 ,-44.1 ,54.75
182.54999999999998 ,-43.05 ,53.699999999999996
182.54999999999998 ,-42.9 ,55.5
183.15 ,-42.6 ,54.15
183.29999999999998 ,-42.449999999999996 ,55.05
183.9 ,-43.5 ,54.75
183.45 ,-43.199999999999996 ,54.0
182.54999999999998 ,-43.5 ,54.9
182.7 ,-42.9 ,54.75
180.6 ,-43.8 ,54.449999999999996
182.54999999999998 ,-43.199999999999996 ,55.199999999999996
181.95 ,-42.6 ,54.75
183.15 ,-42.3 ,55.65
183.45 ,-42.3 ,57.0
182.25 ,-43.199999999999996 ,55.65
181.35 ,-40.949999999999996 ,54.3
183.15 ,-40.35 ,55.65
181.79999999999998 ,-42.0 ,56.25
184.5 ,-42.449999999999996 ,55.5
183.29999999999998 ,-39.75 ,55.199999999999996
183.9 ,-40.65 ,57.3
183.9 ,-40.5 ,57.15
183.9 ,-39.15 ,55.65
183.75 ,-40.65 ,56.4
183.9 ,-41.1 ,55.949999999999996
182.54999999999998 ,-40.949999999999996 ,55.5
183.0 ,-41.25 ,56.4
183.45 ,-40.65 ,55.5
182.7 ,-40.35 ,55.949999999999996
183.15 ,-42.3 ,55.199999999999996
183.0 ,-40.65 ,57.449999999999996
183.45 ,-40.949999999999996 ,56.25
183.15 ,-40.05 ,55.05
183.0 ,-40.05 ,55.5
182.25 ,-40.35 ,55.65
181.2 ,-41.1 ,55.8
180.9 ,-41.4 ,56.25
179.7 ,-42.6 ,54.9
180.29999999999998 ,-42.6 ,55.65
179.4 ,-42.3 ,55.65
178.2 ,-42.449999999999996 ,54.75
178.79999999999998 ,-42.449999999999996 ,55.949999999999996
175.2 ,-41.25 ,55.65
175.95 ,-41.4 ,54.449999999999996
174.9 ,-42.449999999999996 ,55.05
175.95 ,-42.3 ,54.449999999999996
173.85 ,-40.949999999999996 ,55.65
172.79999999999998 ,-41.4 ,54.449999999999996
173.7 ,-40.65 ,54.449999999999996
171.6 ,-42.0 ,55.5
171.75 ,-39.449999999999996 ,54.449999999999996
170.4 ,-41.4 ,55.949999999999996
169.5 ,-41.4 ,54.3
167.7 ,-40.949999999999996 ,55.65
166.04999999999998 ,-42.3 ,54.9
162.6 ,-41.25 ,55.8
163.2 ,-42.0 ,57.15
159.45 ,-43.199999999999996 ,55.05
157.65 ,-43.05 ,58.199999999999996
155.1 ,-43.199999999999996 ,58.65
155.1 ,-44.4 ,60.15
152.54999999999998 ,-43.8 ,60.3
151.04999999999998 ,-43.65 ,60.449999999999996
150.9 ,-45.0 ,59.699999999999996
151.04999999999998 ,-43.65 ,60.449999999999996
150.15 ,-42.3 ,61.199999999999996
149.7 ,-44.55 ,60.9
150.9 ,-44.55 ,59.55
149.54999999999998 ,-43.199999999999996 ,59.55
149.85 ,-43.199999999999996 ,60.3
148.2 ,-43.65 ,60.3
149.54999999999998 ,-43.199999999999996 ,61.8
149.1 ,-43.05 ,60.449999999999996
148.5 ,-44.1 ,62.4
147.0 ,-44.25 ,60.449999999999996
148.5 ,-44.25 ,61.65
146.54999999999998 ,-44.55 ,59.849999999999994
148.04999999999998 ,-44.4 ,61.349999999999994
148.35 ,-45.75 ,61.05
147.45 ,-45.0 ,61.949999999999996
148.95 ,-46.199999999999996 ,60.3
148.95 ,-46.199999999999996 ,60.15
149.4 ,-46.35 ,61.05
152.4 ,-46.05 ,59.25
153.0 ,-46.8 ,58.5
155.54999999999998 ,-46.05 ,58.05
159.0 ,-46.05 ,56.699999999999996
160.5 ,-47.25 ,55.5
165.9 ,-48.75 ,55.5
168.9 ,-48.75 ,56.25
174.15 ,-46.8 ,55.949999999999996
177.75 ,-48.9 ,56.4
184.65 ,-48.15 ,57.15
186.0 ,-48.15 ,59.25
190.65 ,-49.35 ,60.449999999999996
191.85 ,-47.55 ,62.4
196.95 ,-47.699999999999996 ,62.699999999999996
199.5 ,-47.699999999999996 ,65.39999999999999
203.7 ,-47.699999999999996 ,65.1
204.15 ,-48.0 ,65.85
205.2 ,-48.75 ,66.3
206.25 ,-47.4 ,67.95
207.75 ,-49.949999999999996 ,70.5
208.35 ,-52.05 ,69.0
208.35 ,-51.9 ,71.55
209.1 ,-51.449999999999996 ,71.55
209.7 ,-52.05 ,71.7
210.29999999999998 ,-50.85 ,69.45
208.2 ,-51.9 ,69.3
209.7 ,-51.75 ,68.55
206.1 ,-51.9 ,67.8
204.9 ,-48.75 ,67.05
204.45 ,-50.1 ,64.2
202.5 ,-49.949999999999996 ,62.849999999999994
197.4 ,-51.449999999999996 ,59.849999999999994
194.1 ,-51.9 ,59.849999999999994
190.35 ,-52.5 ,59.4
186.9 ,-51.449999999999996 ,57.449999999999996
180.9 ,-52.65 ,57.0
179.54999999999998 ,-53.699999999999996 ,57.75
169.65 ,-55.199999999999996 ,57.9
166.79999999999998 ,-56.85 ,59.55
159.9 ,-58.949999999999996 ,60.3
160.2 ,-58.949999999999996 ,61.349999999999994
157.95 ,-58.199999999999996 ,60.599999999999994
154.5 ,-56.25 ,63.599999999999994
151.95 ,-57.599999999999994 ,63.15
151.79999999999998 ,-56.1 ,62.699999999999996
149.1 ,-56.85 ,63.9
150.45 ,-56.4 ,64.95
148.04999999999998 ,-55.5 ,63.9
148.35 ,-53.699999999999996 ,64.05
148.04999999999998 ,-54.6 ,63.15
147.45 ,-54.0 ,62.699999999999996
147.0 ,-53.25 ,62.849999999999994
146.1 ,-52.949999999999996 ,64.35
148.2 ,-54.0 ,64.8
148.95 ,-53.699999999999996 ,63.599999999999994
149.1 ,-53.85 ,63.3
148.35 ,-54.449999999999996 ,63.9
149.54999999999998 ,-56.699999999999996 ,64.8
148.35 ,-56.699999999999996 ,63.15
149.1 ,-53.85 ,64.35
147.0 ,-55.65 ,64.64999999999999
149.1 ,-54.6 ,63.3
150.29999999999998 ,-55.199999999999996 ,62.699999999999996
151.04999999999998 ,-55.65 ,65.85
151.95 ,-55.8 ,64.8
153.45 ,-55.199999999999996 ,62.4
154.04999999999998 ,-55.199999999999996 ,63.15
155.4 ,-55.65 ,63.599999999999994
156.6 ,-57.449999999999996 ,62.849999999999994
156.75 ,-55.5 ,64.05
159.45 ,-57.0 ,61.8
159.6 ,-56.4 ,62.55
160.2 ,-57.599999999999994 ,61.949999999999996
160.65 ,-57.15 ,61.949999999999996
162.29999999999998 ,-56.85 ,62.4
164.54999999999998 ,-55.199999999999996 ,62.4
164.54999999999998 ,-55.65 ,61.349999999999994
168.75 ,-56.699999999999996 ,60.449999999999996
167.54999999999998 ,-55.05 ,61.199999999999996
170.85 ,-56.4 ,61.199999999999996
172.5 ,-56.1 ,60.449999999999996
171.29999999999998 ,-56.4 ,60.15
172.65 ,-54.6 ,60.3
174.9 ,-54.9 ,60.449999999999996
173.25 ,-54.0 ,59.699999999999996
175.5 ,-53.699999999999996 ,61.65
176.1 ,-52.949999999999996 ,59.4
176.25 ,-53.1 ,60.3
176.1 ,-53.55 ,60.3
177.29999999999998 ,-52.05 ,60.449999999999996
178.5 ,-52.949999999999996 ,62.4
177.0 ,-51.75 ,60.15
179.1 ,-51.9 ,61.349999999999994
179.1 ,-51.15 ,60.599999999999994
179.7 ,-53.25 ,60.599999999999994
180.6 ,-50.699999999999996 ,60.599999999999994
179.85 ,-51.15 ,59.25
181.04999999999998 ,-51.449999999999996 ,60.3
181.65 ,-50.4 ,59.699999999999996
181.04999999999998 ,-48.9 ,58.949999999999996
182.4 ,-46.8 ,57.9
184.95 ,-44.55 ,57.15
184.65 ,-43.05 ,57.3
186.29999999999998 ,-40.65 ,56.55
187.04999999999998 ,-39.75 ,58.05
191.1 ,-33.15 ,58.949999999999996
189.6 ,-31.5 ,59.25
193.5 ,-27.15 ,58.5
194.7 ,-24.15 ,60.449999999999996
196.65 ,-21.75 ,60.9
195.29999999999998 ,-21.45 ,60.9
196.95 ,-18.45 ,62.699999999999996
197.7 ,-18.45 ,62.55
198.29999999999998 ,-15.75 ,63.3
197.4 ,-15.75 ,64.05
196.65 ,-14.1 ,62.55
196.79999999999998 ,-14.25 ,62.849999999999994
196.95 ,-14.7 ,63.3
196.65 ,-13.65 ,64.05
196.95 ,-13.35 ,63.15
195.45 ,-12.75 ,62.849999999999994
195.15 ,-13.65 ,62.849999999999994
194.4 ,-15.299999999999999 ,61.349999999999994
193.35 ,-13.049999999999999 ,62.099999999999994
192.45 ,-15.75 ,61.65
191.54999999999998 ,-15.45 ,60.599999999999994
192.29999999999998 ,-18.0 ,60.15
189.75 ,-16.8 ,58.8
189.75 ,-17.4 ,58.65
187.65 ,-19.2 ,57.3
187.5 ,-21.15 ,57.0
185.4 ,-22.05 ,55.8
183.75 ,-25.2 ,55.05
182.4 ,-25.2 ,56.25
181.95 ,-28.799999999999997 ,55.8
179.4 ,-31.049999999999997 ,54.449999999999996
178.5 ,-33.15 ,52.65
177.6 ,-36.6 ,55.5
176.7 ,-40.35 ,57.15
178.2 ,-44.55 ,56.55
178.5 ,-45.75 ,57.9
179.7 ,-50.1 ,59.699999999999996
178.79999999999998 ,-51.15 ,58.5
178.35 ,-51.9 ,60.3
178.79999999999998 ,-52.949999999999996 ,59.55
177.6 ,-53.55 ,59.55
177.0 ,-54.9 ,62.099999999999994
174.9 ,-55.8 ,59.55
173.7 ,-55.65 ,60.599999999999994
174.15 ,-55.8 ,59.849999999999994
172.65 ,-56.1 ,60.15
171.75 ,-57.599999999999994 ,61.199999999999996
173.25 ,-58.199999999999996 ,62.4
172.04999999999998 ,-58.65 ,63.3
171.6 ,-62.699999999999996 ,63.9
172.79999999999998 ,-62.55 ,63.599999999999994
171.9 ,-62.55 ,64.95
171.9 ,-62.699999999999996 ,63.3
173.1 ,-63.0 ,63.599999999999994
173.25 ,-63.15 ,64.05
172.79999999999998 ,-61.199999999999996 ,63.449999999999996
172.35 ,-62.55 ,64.05
173.85 ,-63.15 ,63.449999999999996
174.0 ,-62.099999999999994 ,62.55
173.7 ,-62.699999999999996 ,64.64999999999999
173.7 ,-62.699999999999996 ,63.9
173.4 ,-62.55 ,64.05
173.4 ,-63.75 ,63.3
173.4 ,-63.449999999999996 ,64.2
175.5 ,-63.15 ,64.2
172.79999999999998 ,-61.949999999999996 ,64.8
173.4 ,-63.15 ,62.699999999999996
173.7 ,-62.55 ,63.449999999999996
173.1 ,-61.349999999999994 ,64.05
173.25 ,-62.55 ,63.599999999999994
173.7 ,-61.949999999999996 ,64.05
174.6 ,-62.699999999999996 ,63.449999999999996
172.04999999999998 ,-61.5 ,63.15
173.7 ,-61.949999999999996 ,63.9
174.0 ,-63.449999999999996 ,64.64999999999999
173.7 ,-63.449999999999996 ,65.1
172.5 ,-63.75 ,64.35
174.45 ,-64.35 ,64.2
172.5 ,-65.25 ,66.0
171.0 ,-63.449999999999996 ,65.7
172.35 ,-64.35 ,65.55
171.29999999999998 ,-65.25 ,65.85
171.75 ,-65.55 ,65.55
170.85 ,-65.55 ,66.75
171.29999999999998 ,-65.7 ,66.3
169.5 ,-67.05 ,66.45
171.0 ,-67.05 ,67.8
170.1 ,-67.5 ,68.7
169.04999999999998 ,-67.5 ,68.7
168.15 ,-68.39999999999999 ,69.45
169.79999999999998 ,-70.64999999999999 ,69.45
169.2 ,-68.85 ,71.1
169.65 ,-69.3 ,70.05
171.0 ,-69.6 ,69.3
171.15 ,-69.6 ,68.55
170.54999999999998 ,-68.1 ,69.0
170.85 ,-68.7 ,67.95
171.0 ,-68.39999999999999 ,67.95
169.5 ,-67.5 ,67.2
169.79999999999998 ,-68.7 ,68.25
170.54999999999998 ,-68.39999999999999 ,67.35
169.65 ,-68.39999999999999 ,67.05
169.2 ,-66.89999999999999 ,67.35
170.54999999999998 ,-67.05 ,67.2
169.2 ,-66.89999999999999 ,65.55
170.1 ,-66.45 ,65.55
169.04999999999998 ,-66.3 ,65.1
170.1 ,-67.5 ,66.0
171.15 ,-65.85 ,64.64999999999999
169.2 ,-64.64999999999999 ,64.64999999999999
168.75 ,-65.25 ,65.1
168.45 ,-64.95 ,66.3
168.45 ,-64.5 ,65.1
166.95 ,-64.95 ,64.05
169.65 ,-64.95 ,64.35
168.0 ,-64.95 ,65.1
168.29999999999998 ,-64.64999999999999 ,64.95
168.0 ,-64.35 ,64.05
167.4 ,-64.5 ,65.1
167.25 ,-66.45 ,64.35
168.0 ,-65.25 ,65.55
169.5 ,-65.25 ,64.35
169.04999999999998 ,-62.699999999999996 ,64.05
169.2 ,-65.55 ,63.449999999999996
170.85 ,-67.05 ,64.64999999999999
171.9 ,-65.7 ,64.8
173.85 ,-68.25 ,67.05
173.85 ,-69.75 ,70.05
177.29999999999998 ,-70.2 ,72.0
177.0 ,-69.75 ,71.1
180.29999999999998 ,-71.85 ,71.55
181.04999999999998 ,-70.8 ,73.95
181.65 ,-73.2 ,72.89999999999999
183.0 ,-72.75 ,73.64999999999999
182.4 ,-73.2 ,73.95
183.45 ,-74.55 ,73.2
183.45 ,-73.2 ,74.85
181.65 ,-74.1 ,74.7
181.95 ,-73.2 ,74.25
181.04999999999998 ,-73.5 ,75.14999999999999
180.6 ,-73.5 ,75.14999999999999
181.35 ,-72.75 ,75.6
182.25 ,-73.5 ,75.0
181.04999999999998 ,-73.5 ,75.89999999999999
180.9 ,-72.89999999999999 ,75.0
180.6 ,-72.75 ,73.35
179.54999999999998 ,-73.5 ,76.64999999999999
178.95 ,-75.75 ,75.0
178.04999999999998 ,-76.05 ,76.5
178.04999999999998 ,-76.5 ,76.95
176.54999999999998 ,-75.14999999999999 ,77.55
177.45 ,-76.5 ,79.35
177.29999999999998 ,-77.7 ,79.5
177.75 ,-76.05 ,78.6
178.04999999999998 ,-75.3 ,78.0
176.7 ,-75.0 ,76.5
178.04999999999998 ,-72.6 ,73.95
176.7 ,-74.55 ,72.45
175.95 ,-72.0 ,70.8
174.9 ,-68.85 ,69.6
172.65 ,-66.89999999999999 ,66.3
172.35 ,-67.64999999999999 ,66.6
171.15 ,-66.3 ,65.55
170.54999999999998 ,-65.55 ,65.39999999999999
169.79999999999998 ,-65.55 ,64.64999999999999
170.25 ,-66.45 ,64.95
169.79999999999998 ,-65.1 ,65.1
170.54999999999998 ,-65.1 ,64.35
170.4 ,-65.25 ,64.35
171.29999999999998 ,-67.05 ,64.35
170.25 ,-65.85 ,64.64999999999999
171.0 ,-66.89999999999999 ,65.1
171.15 ,-65.7 ,67.05
169.79999999999998 ,-66.89999999999999 ,65.55
171.9 ,-68.25 ,66.0
172.5 ,-66.45 ,65.7
170.4 ,-66.14999999999999 ,65.1
170.1 ,-65.55 ,65.85
170.1 ,-66.89999999999999 ,65.39999999999999
170.54999999999998 ,-66.6 ,65.55
171.15 ,-66.6 ,65.7
173.1 ,-66.45 ,64.05
172.35 ,-67.05 ,62.849999999999994
172.5 ,-65.55 ,63.15
173.25 ,-65.7 ,65.1
173.7 ,-65.25 ,64.35
173.85 ,-66.14999999999999 ,65.7
172.79999999999998 ,-66.89999999999999 ,66.3
174.6 ,-66.45 ,63.3
173.85 ,-66.6 ,64.8
171.9 ,-65.7 ,64.35
173.4 ,-66.14999999999999 ,63.3
173.85 ,-66.14999999999999 ,63.3
175.2 ,-65.1 ,62.849999999999994
175.65 ,-66.6 ,62.699999999999996
175.2 ,-64.35 ,63.9
175.65 ,-66.45 ,63.599999999999994
176.25 ,-67.2 ,64.8
176.85 ,-66.45 ,65.7
176.25 ,-67.2 ,63.9
176.1 ,-66.89999999999999 ,64.35
177.29999999999998 ,-66.45 ,64.8
177.6 ,-67.5 ,64.05
177.6 ,-66.14999999999999 ,64.64999999999999
177.29999999999998 ,-68.39999999999999 ,66.0
178.5 ,-66.89999999999999 ,65.55
177.0 ,-68.1 ,65.1
178.04999999999998 ,-67.64999999999999 ,64.95
178.2 ,-67.5 ,65.85
177.29999999999998 ,-68.1 ,66.45
178.04999999999998 ,-67.2 ,66.0
175.95 ,-67.05 ,66.0
176.7 ,-69.0 ,65.39999999999999
176.7 ,-68.25 ,65.7
177.0 ,-66.45 ,66.0
177.45 ,-68.7 ,65.39999999999999
177.45 ,-66.45 ,66.0
177.6 ,-68.7 ,65.7
178.95 ,-68.7 ,66.45
176.54999999999998 ,-68.1 ,66.3
177.6 ,-66.14999999999999 ,67.8
176.54999999999998 ,-67.5 ,66.3
177.29999999999998 ,-66.45 ,65.1
178.2 ,-67.8 ,64.8
176.85 ,-67.5 ,65.7
177.29999999999998 ,-67.5 ,66.3
175.65 ,-68.85 ,66.6
176.54999999999998 ,-67.64999999999999 ,66.3
177.29999999999998 ,-69.0 ,66.45
176.7 ,-68.25 ,66.0
176.85 ,-67.5 ,66.0
178.5 ,-68.1 ,65.7
177.45 ,-67.5 ,67.5
176.7 ,-67.5 ,65.7
177.6 ,-67.64999999999999 ,64.8
178.04999999999998 ,-66.45 ,65.85
177.45 ,-68.7 ,65.7
176.54999999999998 ,-67.2 ,65.55
176.54999999999998 ,-67.2 ,65.7
176.85 ,-69.45 ,66.0
176.7 ,-67.2 ,65.7
176.85 ,-68.1 ,66.6
177.29999999999998 ,-68.1 ,65.55
176.54999999999998 ,-68.7 ,66.45
177.45 ,-67.8 ,66.45
176.7 ,-68.25 ,67.2
177.45 ,-68.7 ,67.2
176.7 ,-68.7 ,65.55
176.85 ,-66.89999999999999 ,66.6
176.54999999999998 ,-68.25 ,66.6
176.85 ,-67.64999999999999 ,67.35
176.25 ,-67.2 ,65.85
176.85 ,-68.1 ,67.95
177.45 ,-68.85 ,66.6
178.04999999999998 ,-68.25 ,66.75
177.0 ,-69.0 ,67.5
177.29999999999998 ,-67.2 ,66.6
177.29999999999998 ,-69.3 ,67.95
177.29999999999998 ,-68.25 ,68.55
176.25 ,-67.5 ,66.45
177.29999999999998 ,-69.3 ,67.2
176.85 ,-68.1 ,67.35
177.29999999999998 ,-68.85 ,67.05
176.7 ,-69.0 ,67.5
177.75 ,-67.64999999999999 ,66.6
176.85 ,-68.25 ,67.2
178.2 ,-69.0 ,67.95
177.75 ,-67.05 ,66.75
177.0 ,-69.75 ,67.5
175.2 ,-69.0 ,67.35
176.1 ,-69.3 ,68.25
176.25 ,-68.7 ,66.6
176.1 ,-67.64999999999999 ,67.05
177.29999999999998 ,-68.1 ,67.05
177.45 ,-67.5 ,68.25
177.0 ,-69.75 ,67.95
176.7 ,-68.7 ,68.25
176.54999999999998 ,-68.85 ,67.8
176.1 ,-68.39999999999999 ,67.35
175.65 ,-68.39999999999999 ,67.5
176.54999999999998 ,-69.3 ,66.0
175.2 ,-68.25 ,67.35
176.85 ,-67.2 ,68.1
177.75 ,-68.7 ,67.8
175.5 ,-68.7 ,67.8
177.0 ,-68.7 ,67.5
176.1 ,-68.39999999999999 ,66.6
176.7 ,-68.25 ,67.2
176.7 ,-69.3 ,67.35
177.6 ,-69.45 ,66.0
177.0 ,-68.85 ,67.95
175.35 ,-69.45 ,67.5
175.95 ,-69.45 ,67.2
176.85 ,-68.85 ,66.75
178.2 ,-68.7 ,68.55
176.1 ,-67.5 ,68.1
176.1 ,-68.85 ,68.85
175.65 ,-70.95 ,65.7
177.75 ,-68.7 ,67.2
177.29999999999998 ,-68.7 ,68.55
177.45 ,-68.1 ,67.8
176.1 ,-69.0 ,67.5
175.2 ,-68.1 ,67.05
176.85 ,-68.39999999999999 ,67.2
176.85 ,-69.45 ,67.95
176.25 ,-67.64999999999999 ,66.75
175.95 ,-68.7 ,67.35
177.29999999999998 ,-68.39999999999999 ,67.8
176.7 ,-69.0 ,66.75
176.54999999999998 ,-70.35 ,68.7
176.54999999999998 ,-69.0 ,67.5
177.0 ,-70.2 ,66.3
176.54999999999998 ,-67.05 ,67.95
175.95 ,-69.45 ,67.35
177.75 ,-69.0 ,69.0
175.95 ,-69.75 ,68.1
177.45 ,-68.7 ,68.25
177.29999999999998 ,-68.1 ,68.55
175.95 ,-68.39999999999999 ,69.0
175.35 ,-70.2 ,69.0
178.2 ,-68.7 ,67.2
176.54999999999998 ,-68.85 ,67.5
176.7 ,-69.45 ,66.6
176.85 ,-68.85 ,68.1
176.54999999999998 ,-68.85 ,70.05
176.85 ,-70.2 ,68.25
177.0 ,-70.2 ,70.2
177.29999999999998 ,-70.35 ,71.7
178.79999999999998 ,-71.85 ,70.2
181.04999999999998 ,-72.75 ,73.2
182.25 ,-72.0 ,71.85
182.54999999999998 ,-68.85 ,71.1
183.29999999999998 ,-67.64999999999999 ,68.85
183.75 ,-65.25 ,65.55
182.54999999999998 ,-61.8 ,64.05
181.35 ,-55.65 ,60.9
176.85 ,-52.35 ,58.05
174.45 ,-49.35 ,56.55
170.25 ,-43.8 ,54.449999999999996
164.7 ,-40.5 ,54.3
160.65 ,-32.25 ,54.15
154.65 ,-27.3 ,56.699999999999996
147.45 ,-20.25 ,57.449999999999996
143.1 ,-15.75 ,62.099999999999994
141.15 ,-12.0 ,67.5
134.4 ,-10.95 ,70.8
131.25 ,-9.75 ,75.6
126.6 ,-9.9 ,79.05
125.39999999999999 ,-9.9 ,80.39999999999999
123.75 ,-11.1 ,81.3
125.55 ,-12.6 ,80.85
126.6 ,-12.0 ,81.75
126.3 ,-11.4 ,81.6
126.14999999999999 ,-11.4 ,82.05
124.8 ,-12.6 ,80.85
126.14999999999999 ,-10.5 ,81.6
125.85 ,-10.35 ,81.14999999999999
126.3 ,-10.95 ,81.75
126.6 ,-11.1 ,80.85
126.3 ,-11.1 ,81.6
126.3 ,-12.0 ,80.55
125.39999999999999 ,-12.0 ,80.55
126.3 ,-11.1 ,81.75
125.25 ,-12.15 ,80.55
128.1 ,-12.0 ,81.14999999999999
126.75 ,-12.15 ,79.64999999999999
127.94999999999999 ,-11.4 ,80.1
127.5 ,-12.0 ,79.5
126.75 ,-11.549999999999999 ,79.05
126.0 ,-11.7 ,80.39999999999999
126.75 ,-12.15 ,80.39999999999999
125.55 ,-12.15 ,80.1
127.05 ,-12.15 ,80.39999999999999
127.35 ,-11.1 ,80.1
127.5 ,-12.15 ,79.05
127.5 ,-12.15 ,79.8
128.4 ,-12.299999999999999 ,78.3
126.75 ,-12.0 ,79.8
127.64999999999999 ,-10.2 ,79.64999999999999
128.4 ,-10.799999999999999 ,77.85
127.64999999999999 ,-11.549999999999999 ,79.8
127.64999999999999 ,-11.4 ,79.64999999999999
127.94999999999999 ,-11.549999999999999 ,78.6
127.94999999999999 ,-10.799999999999999 ,77.85
127.94999999999999 ,-11.549999999999999 ,77.55
127.94999999999999 ,-12.6 ,78.75
127.5 ,-13.35 ,77.1
129.0 ,-14.7 ,78.6
127.5 ,-12.6 ,78.14999999999999
127.94999999999999 ,-12.75 ,77.55
128.4 ,-13.049999999999999 ,77.39999999999999
127.94999999999999 ,-12.6 ,77.85
127.35 ,-13.95 ,78.6
127.5 ,-14.1 ,78.14999999999999
127.05 ,-13.049999999999999 ,78.6
128.7 ,-14.1 ,79.35
128.7 ,-13.95 ,77.85
129.45 ,-14.25 ,76.95
128.25 ,-14.7 ,78.14999999999999
128.1 ,-13.5 ,76.5
128.1 ,-13.95 ,77.25
128.85 ,-14.85 ,78.6
127.5 ,-14.25 ,77.55
127.5 ,-14.7 ,79.35
127.94999999999999 ,-14.7 ,82.35
126.75 ,-14.1 ,83.25
125.1 ,-14.7 ,85.05
124.64999999999999 ,-14.85 ,88.2
122.55 ,-13.35 ,92.7
123.44999999999999 ,-11.549999999999999 ,94.05
122.39999999999999 ,-11.1 ,98.55
121.94999999999999 ,-11.1 ,100.05
123.3 ,-9.45 ,100.5
122.55 ,-8.4 ,100.05
124.5 ,-6.6 ,101.25
124.05 ,-5.1 ,97.8
126.75 ,-3.9 ,94.2
126.0 ,-2.6999999999999997 ,91.35
132.0 ,-1.95 ,86.7
134.4 ,-0.3 ,82.8
136.2 ,1.65 ,80.55
139.2 ,2.25 ,75.6
143.7 ,0.44999999999999996 ,71.55
148.95 ,-0.15 ,68.7
154.2 ,-3.5999999999999996 ,64.35
157.35 ,-6.45 ,62.699999999999996
160.35 ,-10.799999999999999 ,59.849999999999994
166.65 ,-13.049999999999999 ,59.4
166.04999999999998 ,-13.049999999999999 ,57.0
172.65 ,-17.849999999999998 ,57.15
172.79999999999998 ,-18.599999999999998 ,57.0
176.7 ,-23.55 ,55.65
176.7 ,-24.599999999999998 ,55.65
179.85 ,-27.9 ,56.699999999999996
181.35 ,-30.0 ,55.65
181.04999999999998 ,-30.45 ,58.05
183.0 ,-34.65 ,58.05
184.04999999999998 ,-37.5 ,58.65
184.2 ,-36.3 ,57.15
183.45 ,-38.55 ,58.5
185.25 ,-37.8 ,58.199999999999996
183.45 ,-39.3 ,58.949999999999996
182.7 ,-40.65 ,59.55
184.65 ,-40.65 ,58.05
185.4 ,-39.15 ,59.4
183.45 ,-40.35 ,59.699999999999996
185.85 ,-40.35 ,59.849999999999994
185.25 ,-42.449999999999996 ,60.3
186.75 ,-41.4 ,59.699999999999996
186.9 ,-43.05 ,61.199999999999996
186.0 ,-42.449999999999996 ,58.949999999999996
186.6 ,-42.9 ,58.5
186.9 ,-43.8 ,59.849999999999994
184.95 ,-42.9 ,60.15
186.15 ,-42.6 ,58.949999999999996
186.9 ,-44.85 ,60.3
187.5 ,-44.55 ,60.9
186.15 ,-43.8 ,60.3
186.0 ,-45.15 ,61.05
186.75 ,-44.85 ,60.449999999999996
186.0 ,-46.35 ,59.4
186.15 ,-45.449999999999996 ,60.9
186.6 ,-45.0 ,59.699999999999996
185.4 ,-45.6 ,61.65
184.79999999999998 ,-45.0 ,60.9
185.85 ,-43.8 ,61.199999999999996
185.85 ,-44.85 ,59.55
186.29999999999998 ,-44.85 ,62.099999999999994
186.15 ,-46.35 ,61.199999999999996
184.65 ,-46.949999999999996 ,61.8
186.15 ,-46.65 ,60.3
186.0 ,-45.6 ,60.3
185.54999999999998 ,-44.85 ,60.15
186.29999999999998 ,-44.85 ,60.3
185.4 ,-45.15 ,60.15
186.0 ,-45.15 ,60.599999999999994
184.95 ,-45.449999999999996 ,61.65
184.2 ,-45.75 ,60.449999999999996
185.85 ,-45.0 ,60.449999999999996
185.25 ,-43.8 ,60.9
186.15 ,-44.1 ,60.599999999999994
185.54999999999998 ,-44.1 ,60.9
185.54999999999998 ,-44.1 ,58.949999999999996
185.85 ,-43.8 ,61.199999999999996
185.54999999999998 ,-43.199999999999996 ,61.349999999999994
187.35 ,-44.25 ,61.199999999999996
185.4 ,-42.6 ,58.949999999999996
184.65 ,-45.0 ,59.25
185.85 ,-43.5 ,60.15
185.85 ,-42.449999999999996 ,60.449999999999996
184.65 ,-43.65 ,59.849999999999994
185.25 ,-44.25 ,60.599999999999994
185.4 ,-43.199999999999996 ,60.15
185.4 ,-44.85 ,60.3
185.85 ,-43.65 ,60.599999999999994
185.54999999999998 ,-45.15 ,61.199999999999996
183.9 ,-43.65 ,61.8
184.04999999999998 ,-44.4 ,60.3
184.79999999999998 ,-44.4 ,60.9
184.65 ,-45.449999999999996 ,60.15
184.5 ,-44.1 ,61.199999999999996
184.5 ,-44.25 ,61.199999999999996
184.79999999999998 ,-46.05 ,60.9
186.29999999999998 ,-44.25 ,60.15
183.75 ,-45.0 ,60.599999999999994
184.79999999999998 ,-46.05 ,59.849999999999994
185.54999999999998 ,-45.449999999999996 ,60.15
184.79999999999998 ,-44.25 ,59.849999999999994
184.79999999999998 ,-44.85 ,60.15
184.2 ,-44.55 ,60.15
184.65 ,-45.75 ,60.3
184.2 ,-44.55 ,58.949999999999996
183.15 ,-45.0 ,61.199999999999996
183.0 ,-45.0 ,60.599999999999994
183.29999999999998 ,-45.6 ,60.599999999999994
184.79999999999998 ,-44.4 ,61.05
183.45 ,-45.449999999999996 ,61.199999999999996
184.79999999999998 ,-47.4 ,61.8
185.25 ,-48.75 ,62.849999999999994
187.35 ,-53.1 ,64.35
189.75 ,-55.05 ,68.55
189.75 ,-57.599999999999994 ,72.89999999999999
193.5 ,-60.0 ,75.45
196.04999999999998 ,-61.8 ,78.89999999999999
199.2 ,-64.5 ,83.39999999999999
201.6 ,-64.95 ,88.64999999999999
201.15 ,-66.89999999999999 ,89.25
203.4 ,-66.45 ,93.89999999999999
205.65 ,-67.05 ,94.05
206.1 ,-66.89999999999999 ,96.75
208.79999999999998 ,-65.7 ,99.45
209.54999999999998 ,-64.35 ,101.1
209.25 ,-65.7 ,105.0
209.85 ,-64.95 ,105.0
211.95 ,-62.55 ,105.45
213.75 ,-61.349999999999994 ,105.45
213.9 ,-59.25 ,104.7
214.95 ,-59.4 ,102.14999999999999
214.65 ,-56.85 ,97.5
214.2 ,-53.25 ,92.7
216.29999999999998 ,-52.65 ,88.2
214.79999999999998 ,-46.8 ,81.6
212.4 ,-43.5 ,70.95
205.65 ,-36.9 ,65.55
195.15 ,-34.65 ,61.8
186.9 ,-31.95 ,56.4
179.4 ,-31.049999999999997 ,56.25
169.5 ,-30.0 ,56.699999999999996
160.35 ,-30.299999999999997 ,56.55
151.04999999999998 ,-30.0 ,59.4
142.65 ,-31.5 ,64.2
141.29999999999998 ,-31.95 ,70.05
133.2 ,-32.25 ,75.14999999999999
130.2 ,-33.449999999999996 ,79.8
125.1 ,-33.0 ,83.1
122.25 ,-33.0 ,88.2
121.8 ,-30.45 ,92.85
119.39999999999999 ,-30.0 ,95.1
119.85 ,-26.7 ,98.25
119.39999999999999 ,-24.9 ,99.6
119.39999999999999 ,-21.75 ,100.2
119.55 ,-18.45 ,101.7
119.69999999999999 ,-15.75 ,101.7
121.8 ,-10.5 ,100.5
123.14999999999999 ,-7.8 ,99.75
123.75 ,-5.85 ,95.1
124.19999999999999 ,-1.65 ,92.1
127.94999999999999 ,-1.05 ,89.25
