257.946460 2.965334 7.398104 359.113364
258.004117 2.972514 8.076350 359.055251
258.472827 3.116855 7.919255 358.920436
258.533606 3.101304 7.921530 358.813336
258.599940 3.108501 7.949072 358.842192
258.824693 3.143600 8.083479 359.254234
258.883030 3.157768 8.083479 359.640985
259.059045 3.157768 8.083479 359.738566
259.117671 3.157768 8.046352 359.586289
259.293661 3.021035 8.207922 359.356908
259.410984 2.953472 8.327487 359.258234
259.470222 2.885157 8.419969 359.161946
259.687376 2.816135 8.510271 358.664846
259.762211 2.769607 8.487725 358.175443
259.976855 2.796510 8.485938 357.670804
260.035481 2.813071 8.481322 357.716248
260.230795 2.813855 8.477612 357.951638
260.289863 2.827497 8.439525 358.219560
260.523737 2.831115 8.425980 358.252856
260.582820 2.821219 8.427046 358.105219
260.759107 2.834306 8.411799 357.385615
260.877706 2.848215 8.378893 357.027119
260.934857 2.859141 8.373766 357.089836
261.167984 2.849779 8.346623 357.644548
261.227178 2.860384 8.315547 358.175699
261.422344 2.859357 8.280963 358.558348
261.480970 2.861364 8.291230 359.024918
261.656504 2.852430 8.325744 359.364138
261.774029 2.878306 8.325744 358.635316
261.832212 2.904513 8.325744 357.726881
262.019123 2.913973 8.356182 355.541484
262.126705 2.908613 8.356182 354.231488
262.203243 2.918591 8.383208 352.980711
262.379105 2.921872 8.377547 352.488159
262.440276 2.885213 8.377547 351.983269
262.672064 2.886491 8.354021 351.132866
262.730956 2.905665 8.305424 350.781148
262.906253 2.886250 8.267551 350.563588
263.023583 2.877319 8.231086 350.429545
263.082151 2.877772 8.219117 350.164317
263.336632 2.886443 8.206378 349.420512
263.394525 2.878618 8.196558 348.973088
263.570623 2.910806 8.196558 348.719786
263.687629 2.923628 8.196558 348.575270
263.747262 2.956424 8.279055 348.466206
263.941478 2.959811 8.363326 347.151832
264.000204 2.974220 8.452266 345.971887
264.176009 2.972112 8.495521 344.748911
264.293773 2.987161 8.546016 344.690579
264.355983 3.003764 8.525038 344.755350
264.586354 3.022663 8.497119 344.922122
264.644961 3.057113 8.497119 344.800687
264.879254 3.057113 8.497119 344.206865
264.937995 3.057113 8.607377 343.635116
265.113747 3.131727 8.716795 343.308858
265.230640 3.161071 8.825462 343.449120
265.289600 3.188645 8.905075 343.545810
265.467142 3.213475 8.905075 342.568961
265.582210 3.213475 8.978825 341.205198
265.642201 3.232910 8.978825 339.607342
265.875297 3.183614 8.978825 338.115533
265.992335 3.165676 8.862137 337.193432
266.051173 3.139979 8.768730 336.659484
266.285525 3.114033 8.678367 337.100370
266.343780 3.069761 8.603022 337.488358
266.578977 3.039905 8.603022 337.925116
266.637599 3.031608 8.603022 338.800840
266.872132 3.021077 8.508534 340.257697
266.930461 3.008916 8.493520 341.522248
267.165078 3.017046 8.502424 343.716201
267.222937 3.010377 8.470136 345.015965
267.457207 2.998793 8.420240 344.393948
267.515928 2.975091 8.420240 342.339711
267.750336 2.964134 8.395279 340.506007
267.813180 2.942534 8.365433 340.405878
268.043625 2.925596 8.307571 339.781355
268.102609 2.903779 8.278766 339.120024
268.336026 2.926758 8.276772 338.581664
268.453701 2.921646 8.258503 338.092508
268.511690 2.913711 8.232223 337.052311
268.688164 2.950643 8.232223 335.386037
268.746303 2.955127 8.241858 333.985905
268.983304 2.939000 8.252366 332.901284
269.098443 2.933382 8.258932 332.989080
269.156314 2.921738 8.260802 333.481940
269.391327 2.896534 8.246032 334.636254
269.449264 2.868286 8.246032 335.366979
269.683856 2.879975 8.251093 335.218223
269.743032 2.888266 8.251093 334.666603
269.918432 2.924742 8.268012 333.935946
269.976463 2.953953 8.278770 334.004748
270.173188 2.984663 8.289028 334.301285
270.295286 2.981714 8.317604 334.874169
270.348437 2.996621 8.317604 335.402745
270.582553 2.981850 8.327375 335.234808
270.640988 2.976511 8.319436 334.987490
270.816537 2.982186 8.311119 334.552737
270.876423 2.992127 8.349196 334.616776
271.109492 2.977084 8.358001 335.009460
271.168181 2.993835 8.366020 335.702680
271.402931 2.985477 8.382996 336.926760
271.474943 2.985868 8.400668 337.854842
271.695204 2.975528 8.388336 339.046149
271.812987 2.983293 8.376056 340.221165
271.871033 2.971390 8.360114 341.459656
272.050572 2.976346 8.350140 342.417053
272.164277 2.981086 8.375563 342.975094
272.222624 2.998225 8.379780 343.406370
272.398499 3.003406 8.418161 343.962356
272.457401 2.998517 8.456084 344.360471
272.693652 2.981189 8.510016 344.698669
272.750180 2.980831 8.510016 344.735890
272.984426 2.946548 8.530306 344.500034
273.110445 2.931362 8.549460 344.743837
273.164243 2.926955 8.590646 344.931894
273.394555 2.912099 8.563307 344.792772
273.453128 2.900418 8.514548 343.829557
273.630929 2.913758 8.500575 341.843988
273.694764 2.908873 8.530846 339.899881
273.921933 2.894787 8.476795 337.605954
274.039076 2.897090 8.506557 336.725106
274.097461 2.882527 8.514993 336.642185
274.273325 2.860036 8.464645 337.686965
274.390639 2.834014 8.464645 338.597814
274.449207 2.818403 8.464645 339.425009
274.624925 2.821895 8.398371 340.335004
274.683603 2.830272 8.359750 341.173016
274.863267 2.851053 8.322159 341.894766
274.919742 2.860744 8.283875 342.203713
275.093600 2.883764 8.275218 342.703977
275.152525 2.889006 8.268108 343.145674
275.213073 2.885737 8.268514 343.607950
275.387571 2.879440 8.242518 343.949410
275.503668 2.883785 8.218122 344.527763
275.562433 2.875180 8.227681 345.181509
275.738420 2.871494 8.257156 345.900200
275.855310 2.856428 8.273929 346.537031
275.913749 2.829481 8.299474 346.846455
276.093053 2.810011 8.338157 346.903594
276.149781 2.808601 8.338157 346.852559
276.325372 2.797261 8.354764 347.414423
276.441132 2.797044 8.316355 348.066323
276.500274 2.793526 8.317706 348.518159
276.734635 2.817600 8.314400 347.890232
276.793537 2.815088 8.328811 347.177492
276.968789 2.792119 8.275944 345.834401
277.085756 2.795816 8.303540 345.290564
277.144272 2.812099 8.311285 344.798872
277.327711 2.811973 8.287824 345.219081
277.437887 2.828765 8.287824 345.849251
277.496549 2.873888 8.287824 346.459493
277.672550 2.904974 8.213393 347.156982
277.788725 2.907304 8.164225 347.343715
277.847577 2.925331 8.103416 347.635194
278.043521 2.927944 8.045102 347.965723
278.101536 2.964837 8.045102 348.420144
278.280456 2.973920 8.035284 348.978242
278.335959 3.002740 8.053816 349.146883
278.551211 3.011856 8.092783 349.052246
278.609761 3.055310 8.092783 348.750359
278.785104 3.053241 8.092783 348.730678
278.902213 3.082093 8.199584 349.042684
278.961006 3.089909 8.274300 349.309200
279.136466 3.141253 8.405185 349.449289
279.254267 3.158230 8.577007 349.732946
279.313045 3.158230 8.530585 350.110517
279.490965 3.131472 8.483431 350.583411
279.546703 3.100016 8.497975 350.856250
280.152342 3.100016 8.497975 350.476339
280.210774 3.088059 8.497975 350.038453
280.387329 3.030679 8.421940 350.081969
280.445417 2.972018 8.284107 350.724060
280.640919 2.968762 8.334314 351.559709
280.699111 2.956189 8.334314 352.018434
280.874906 2.959806 8.305046 352.788432
280.934727 2.959181 8.231301 353.397225
281.112876 2.955055 8.231301 354.784380
281.227409 2.938890 8.231301 355.621699
281.284813 2.955101 8.181873 356.292319
281.460642 2.943046 8.125671 355.689550
281.577938 2.947670 8.097114 354.961142
281.639440 2.948269 8.057148 354.122000
281.812691 2.965720 8.034370 351.875552
281.931416 2.964895 7.996028 349.802951
281.988069 2.966949 7.997268 347.629341
282.144287 2.969107 8.022108 346.935132
282.261482 2.977551 8.035434 345.809188
282.320303 2.974434 8.053893 344.908109
282.496001 2.970303 8.054704 344.048901
282.554669 2.981114 8.065811 343.661922
282.735013 3.000021 8.043769 342.827129
282.790400 3.007249 8.037946 342.221982
282.965027 3.020050 8.013121 340.787109
283.023472 3.044390 8.011309 339.907889
283.082376 3.042416 8.000058 338.974988
283.268162 3.043425 8.012125 338.868030
283.318432 3.053143 7.997812 338.721660
283.550836 3.052142 8.001506 339.160149
283.609142 3.029697 8.002425 339.806674
283.784838 3.042897 7.977356 340.904307
283.852026 3.029611 7.948263 341.330136
284.077724 3.015658 7.926976 341.642935
284.137386 3.027048 7.904234 341.560275
284.333119 3.056716 7.896676 341.998629
284.398173 3.057572 7.918544 342.440208
284.624666 3.058337 7.924211 342.668762
284.684240 3.087118 7.964546 342.561207
284.859281 3.088259 7.968169 342.674911
284.937087 3.077788 7.968079 342.811145
285.112928 3.091399 7.971033 342.849254
285.230217 3.101997 7.983725 342.667674
285.288655 3.083620 7.953174 342.426112
285.474167 3.091865 7.964317 340.849052
285.588714 3.092728 7.957986 339.003570
285.640332 3.081156 7.946427 337.248599
285.816043 3.088198 7.919791 336.826246
285.933744 3.090718 7.926867 336.630500
285.995393 3.088379 7.909861 336.359707
286.226635 3.099400 7.894042 336.020506
286.284851 3.115608 7.892072 335.795934
286.461101 3.111708 7.893381 334.909154
286.520426 3.124128 7.890667 334.021167
286.694702 3.133417 7.905240 332.968018
286.812560 3.140577 7.923654 331.960833
286.870912 3.163280 7.934089 330.657006
287.050639 3.185153 7.946270 329.577886
287.105094 3.199985 7.938102 329.100965
287.340609 3.195651 7.914014 328.610198
287.398460 3.199474 7.909214 328.145408
287.577371 3.185359 7.899107 327.759547
287.632789 3.169926 7.889408 328.069634
287.691608 3.164703 7.884595 328.336353
287.872221 3.192849 7.892197 328.977869
287.984469 3.195580 7.880129 329.549994
288.042535 3.202630 7.870977 330.159910
288.218809 3.224537 7.866175 330.849261
288.335455 3.221279 7.848287 331.437938
288.395182 3.195123 7.830162 332.075317
288.569843 3.201670 7.808916 332.833622
288.631145 3.202315 7.784381 333.504802
288.804315 3.208099 7.773823 334.227210
288.921316 3.220718 7.764601 334.241863
288.980141 3.246021 7.771386 334.180543
289.162014 3.253868 7.779461 333.118925
289.215513 3.253684 7.783797 332.348637
289.448626 3.257641 7.780274 331.038539
289.507593 3.273826 7.793256 330.744192
289.705990 3.293002 7.779137 330.612864
289.761515 3.281682 7.754462 331.063093
289.936976 3.286630 7.744320 331.323502
290.054852 3.302296 7.748705 331.587125
290.113231 3.296951 7.760006 332.022948
290.310507 3.286122 7.761901 333.299488
290.367083 3.281349 7.779041 334.492805
290.601116 3.277605 7.781615 336.125958
290.659574 3.241835 7.763944 336.927483
290.836228 3.244360 7.739246 337.794933
290.952530 3.228109 7.745512 338.093611
291.011297 3.235348 7.742589 338.280232
291.186919 3.252026 7.738846 337.779676
291.245496 3.270250 7.747737 337.263807
291.323611 3.263533 7.752891 336.817344
291.509136 3.263533 7.732851 337.014502
291.561050 3.280451 7.724097 337.212067
291.792315 3.284047 7.722855 337.247548
291.853836 3.272678 7.713210 337.216086
292.085553 3.272678 7.685516 336.220531
292.144230 3.272678 7.689895 335.496668
292.319766 3.362657 7.680227 335.622170
292.381256 3.444592 7.667222 336.953823
292.559977 3.507006 7.652178 339.335542
292.619301 3.588825 7.657513 341.120879
292.848018 3.643621 7.653283 343.129593
292.908309 3.625278 7.653601 344.057531
293.140197 3.604594 7.650048 345.086150
293.198515 3.604594 7.666720 345.720816
293.374335 3.573548 7.678330 346.794746
293.436468 3.531318 7.680318 347.366548
293.609162 3.531318 7.687267 347.712754
293.726089 3.543885 7.694010 347.714886
293.785586 3.512256 7.687014 347.752304
294.019136 3.512256 7.694895 346.614052
294.136137 3.512256 7.699428 345.433531
294.194682 3.558941 7.711423 344.143375
294.370984 3.628688 7.728343 344.038147
294.429071 3.685037 7.724386 344.039159
294.489842 3.722587 7.715780 344.253063
294.664412 3.779588 7.713111 345.038903
294.742360 3.776665 7.705490 345.784766
294.917275 3.764778 7.700921 346.425456
294.978345 3.749709 7.716748 346.553020
295.044898 3.730843 7.719752 346.504675
295.268937 3.714957 7.714459 346.455251
295.328310 3.680113 7.714263 346.590097
295.503141 3.630133 7.714263 346.663510
295.564863 3.607255 7.714263 346.709882
295.815957 3.597947 7.667333 346.711942
295.874331 3.597947 7.619786 346.808130
296.055892 3.615911 7.579055 346.953590
296.122616 3.645696 7.536495 346.907023
296.343160 3.668658 7.503078 346.804542
296.402514 3.684209 7.503500 347.102812
296.636073 3.709305 7.510866 347.672516
296.697358 3.700355 7.518869 348.237645
296.870649 3.700221 7.545847 348.374051
296.988144 3.733964 7.552301 348.664134
297.046341 3.733964 7.552301 348.923453
297.235398 3.733964 7.552301 348.908674
297.287190 3.711535 7.626903 348.242289
297.456655 3.638598 7.670627 347.164384
297.574412 3.586444 7.733530 346.175951
297.632080 3.543561 7.791685 345.467712
297.749160 3.475063 7.851329 345.219230
297.811016 3.448112 7.825548 344.938428
298.042621 3.458524 7.841088 344.345873
298.100930 3.453805 7.818848 343.807935
298.279547 3.430149 7.775394 343.469702
298.338610 3.424182 7.729928 343.545772
298.515331 3.434766 7.723634 343.677210
298.632714 3.426847 7.699198 344.017665
298.687008 3.436715 7.696720 344.562633
298.921569 3.435860 7.709569 345.835664
298.979637 3.464708 7.758723 347.068062
299.155690 3.484666 7.785956 348.227009
299.214119 3.507223 7.814756 348.492696
299.395574 3.536248 7.814756 348.236568
299.450374 3.544151 7.830529 347.815643
299.624724 3.532980 7.841885 346.671335
299.745182 3.511384 7.816900 345.614713
299.800273 3.481872 7.816900 344.573803
299.976066 3.415774 7.772704 344.418005
300.093513 3.394882 7.720700 344.194716
300.151351 3.370858 7.686724 343.770567
300.346829 3.360439 7.658755 342.757007
300.405624 3.353887 7.599604 342.007983
300.581005 3.369552 7.583746 341.221453
300.639622 3.365824 7.573525 340.419126
300.815527 3.347584 7.533697 339.207728
300.933624 3.317643 7.505582 338.185722
301.011094 3.310680 7.512038 337.598524
301.186844 3.290902 7.506059 337.572028
301.245179 3.280517 7.489599 337.440954
301.304723 3.275507 7.499557 336.932498
301.480320 3.282721 7.485255 335.818345
301.539747 3.270107 7.478403 334.182250
301.714935 3.274749 7.462057 332.595223
301.831126 3.275876 7.448892 331.280089
301.889804 3.284234 7.438015 330.695957
302.008009 3.285234 7.442368 330.369769
302.145784 3.287666 7.439652 330.157812
302.202686 3.282405 7.445221 329.779703
302.456692 3.292681 7.468287 329.117574
302.514672 3.292941 7.468484 328.616677
302.690804 3.289227 7.467990 328.290891
302.749242 3.295883 7.478927 328.262387
302.925100 3.275915 7.478927 327.870518
302.983476 3.264308 7.489104 327.326371
303.160498 3.280696 7.484382 326.355004
303.221184 3.303104 7.519211 325.723441
303.393860 3.319818 7.559863 325.237386
303.511096 3.350251 7.571959 325.161469
303.569400 3.364790 7.580839 325.268863
303.745616 3.355161 7.592371 325.315877
303.862312 3.349322 7.597975 325.362297
303.921282 3.350471 7.583305 325.320246
304.096839 3.355556 7.605259 325.284084
304.155598 3.352755 7.608959 324.799629
304.355412 3.347528 7.602638 323.371135
304.411646 3.331341 7.587378 321.953652
304.585670 3.310647 7.585119 321.892661
304.702291 3.280519 7.541191 323.006207
304.763841 3.242517 7.515009 324.109853
304.995459 3.235199 7.508658 324.019124
305.054483 3.237895 7.498353 323.527194
305.229428 3.247220 7.484499 322.793520
305.288008 3.253312 7.482360 322.193544
305.463955 3.286259 7.500782 320.437275
305.582299 3.288505 7.501598 318.545064
305.642781 3.283058 7.489804 316.694247
305.819340 3.285664 7.496023 314.804895
305.933048 3.305078 7.512697 312.555381
305.991198 3.282454 7.490259 310.508193
306.166940 3.257646 7.467316 309.465662
306.283985 3.247336 7.454460 309.467672
306.344490 3.222106 7.419332 309.438030
306.518517 3.184868 7.398713 309.208823
306.636329 3.180993 7.406686 308.118709
306.698323 3.180993 7.406686 306.968751
306.898306 3.180442 7.402409 306.179059
306.967750 3.170673 7.402701 306.207421
307.143410 3.159034 7.410391 306.127857
307.202016 3.167993 7.416959 306.070281
307.377831 3.157141 7.385202 305.502690
307.438026 3.156245 7.391625 305.187633
307.612432 3.148572 7.376865 304.928818
307.729498 3.137029 7.370273 304.877112
307.787924 3.117556 7.352278 304.789734
307.909390 3.124706 7.355543 304.181610
308.042507 3.126566 7.341178 303.942277
308.100999 3.144602 7.352530 303.790339
308.276194 3.149960 7.340453 303.789133
308.335303 3.128752 7.340453 302.996447
308.530396 3.119225 7.305639 301.964919
308.588811 3.119225 7.305639 301.396578
308.764536 3.103467 7.263768 301.412775
308.823093 3.088782 7.219042 301.806618
308.979680 3.085597 7.162236 302.034158
309.052153 3.117792 7.171373 301.976523
309.253071 3.127150 7.201263 301.415207
309.311330 3.127150 7.201263 300.794763
309.487038 3.138511 7.201263 299.455175
309.606478 3.142246 7.266961 298.169345
309.663078 3.130238 7.346390 296.766324
309.838823 3.135266 7.416818 295.057194
309.955914 3.115021 7.431775 293.534720
310.015035 3.095056 7.465187 292.165483
310.199652 3.108689 7.490022 291.629520
310.253190 3.139421 7.479873 291.102653
310.483471 3.120008 7.487385 291.193853
310.542637 3.140686 7.500427 291.610077
310.776472 3.170888 7.474503 291.346820
310.834871 3.160531 7.445602 290.806296
311.010844 3.142506 7.445602 290.534950
311.127800 3.156597 7.445602 291.272029
311.186466 3.126138 7.402230 291.862645
311.362221 3.095295 7.363672 292.213400
311.421148 3.058331 7.363672 292.197793
311.480671 3.043062 7.315279 292.161032
311.655507 3.033751 7.291304 292.342576
311.772414 3.023066 7.291304 293.040558
311.830966 3.010897 7.291304 293.633219
312.006669 3.042555 7.254340 294.331996
312.124293 3.049180 7.253221 294.645393
312.183437 3.043932 7.225841 294.709552
312.358688 3.068946 7.219016 294.492247
312.416768 3.087904 7.214062 294.300089
312.597359 3.085611 7.215008 294.554678
312.658958 3.090425 7.221816 294.678549
312.885734 3.100406 7.268751 294.773677
312.944532 3.075674 7.277570 294.603807
313.119984 3.083559 7.289436 293.338811
313.237260 3.072895 7.293815 291.348874
313.299030 3.068729 7.301526 288.948802
313.492354 3.056830 7.281894 286.576941
313.549579 3.056830 7.281894 285.159179
313.727777 3.079745 7.277055 285.466980
313.784779 3.070045 7.244138 287.015920
313.980349 3.078535 7.232566 289.663918
314.038014 3.090854 7.209602 291.125949
314.214393 3.122217 7.193841 292.604593
314.330993 3.137562 7.185945 291.979182
314.392703 3.146976 7.183728 290.906073
314.565456 3.159643 7.178039 289.666637
314.683224 3.173765 7.176228 289.579199
314.741846 3.157421 7.155671 289.930044
314.923357 3.172977 7.153235 290.132569
314.977536 3.188323 7.153493 290.007291
315.171671 3.186363 7.133249 292.010672
315.287780 3.180184 7.102596 294.257923
315.346499 3.190775 7.101908 296.403297
315.523230 3.197493 7.090470 296.823494
315.580998 3.188386 7.084960 297.026962
315.757167 3.203711 7.089154 297.187710
315.815210 3.217153 7.113226 297.112037
315.993720 3.226486 7.100266 297.283559
316.051934 3.222490 7.082234 297.484153
316.225640 3.244129 7.066837 297.605147
316.283862 3.246888 7.052731 297.742664
316.460236 3.255470 7.036435 298.973197
316.521909 3.260399 7.048432 300.059311
316.694275 3.268472 7.056586 300.747756
316.811530 3.259894 7.061195 300.586026
316.869764 3.263815 7.059218 300.704662
317.048903 3.260787 7.042453 301.206813
317.104986 3.253926 7.022915 301.379078
317.287302 3.269683 7.004826 301.042624
317.397228 3.301844 6.984662 300.905393
317.455909 3.328848 6.983499 301.037964
317.631607 3.334033 6.979459 301.535579
317.690454 3.358789 6.980970 301.696366
317.866039 3.371366 6.989040 301.207930
317.983215 3.381481 6.995592 299.730013
318.041594 3.381516 6.985531 297.576725
318.219856 3.401607 6.982693 295.582732
318.334905 3.414463 6.968144 294.425371
318.394203 3.399788 6.950939 293.964922
318.570520 3.404384 6.944446 292.316018
318.632518 3.410853 6.942115 290.766083
318.862529 3.412963 6.941558 289.616353
318.920970 3.416305 6.937812 289.988756
319.096634 3.445502 6.928821 289.940440
319.213727 3.450696 6.926585 289.236328
319.272495 3.467071 6.924966 288.562206
319.447849 3.477041 6.916877 288.013969
319.506758 3.486324 6.910861 287.640469
319.624193 3.474376 6.899921 287.298728
319.745459 3.481229 6.893392 287.238300
319.800189 3.479466 6.877422 287.663397
319.975800 3.498110 6.867745 288.251932
320.092666 3.509731 6.862981 288.875379
320.150958 3.525028 6.858855 289.105299
320.327911 3.532810 6.837417 288.951871
320.385545 3.543270 6.820250 288.905140
320.561606 3.559231 6.794415 289.222248
320.678388 3.581410 6.770092 289.925625
320.737350 3.598637 6.749825 290.454154
320.919677 3.615244 6.729850 288.367589
320.991203 3.626897 6.721319 286.127595
321.166716 3.650174 6.717754 284.332826
321.283959 3.649983 6.694864 284.552941
321.345655 3.677109 6.676835 284.896917
321.519425 3.708287 6.655651 284.324172
321.636015 3.750863 6.628430 284.142790
321.694163 3.774563 6.606228 284.133522
321.873461 3.795338 6.600849 285.272560
321.929061 3.812014 6.594033 286.336113
322.109876 3.796787 6.594956 287.205937
322.164522 3.771036 6.593157 287.475196
322.338738 3.750524 6.592001 288.551826
322.457192 3.767315 6.583013 289.459782
322.514895 3.777104 6.581146 290.671421
322.710106 3.810195 6.579289 291.452866
322.768623 3.862236 6.565444 292.088284
322.947590 3.883191 6.561826 292.413966
323.061762 3.881040 6.547036 292.024168
323.120395 3.890202 6.542241 291.605124
323.298744 3.873751 6.520097 291.382049
323.354265 3.852153 6.519096 291.346701
323.588657 3.852153 6.519096 291.218656
323.647101 3.852153 6.519096 291.065560
323.823173 3.799596 6.226618 291.759911
323.881528 3.779538 5.975814 293.162390
324.057481 3.766573 5.878710 295.663610
324.115824 3.766573 5.878710 297.400344
324.292140 3.746133 5.878710 298.462920
324.354734 3.700978 5.646340 298.095844
324.533705 3.712255 5.388936 297.589874
324.643480 3.713529 5.421641 296.841728
324.702050 3.690231 5.453910 296.162551
324.878012 3.690231 5.453910 295.343343
324.995207 3.700542 5.293739 294.824544
325.055233 3.721185 5.281707 294.281740
325.228977 3.734369 5.258424 293.386694
325.366405 3.731419 5.226951 291.413521
325.424896 3.701461 5.180547 289.451225
325.584025 3.670982 5.157878 287.908047
325.708137 3.644311 5.140650 287.500275
325.916474 3.618261 5.143862 287.481001
325.970712 3.580530 5.147832 287.419573
326.166956 3.605495 5.128001 286.346687
326.284862 3.643497 5.106873 284.255176
326.482346 3.658121 5.106873 281.663228
326.528027 3.672299 5.106873 280.209889
326.702763 3.668606 5.104738 279.001485
326.758495 3.632772 5.099385 278.235034
326.987330 3.612040 5.099385 276.776089
327.045631 3.600943 5.080745 275.366097
327.221689 3.575430 5.094638 272.449869
327.280906 3.589446 5.095710 270.101063
327.514842 3.619734 5.064788 267.187887
327.573409 3.594327 5.074785 265.978711
327.749227 3.575601 5.086423 264.325339
327.866080 3.614157 5.086423 263.571211
328.002383 3.637623 5.086423 262.742957
328.208531 3.637623 5.189202 262.015870
328.298788 3.637623 5.312522 260.736723
328.355106 3.685516 5.432139 259.719216
328.532671 3.782152 5.632580 259.325233
328.588826 3.880312 5.835236 259.538338
328.647382 3.928006 5.924232 259.671028
328.881862 3.972586 5.992531 259.134088
328.940627 3.997248 6.089081 258.345313
329.118081 4.009287 6.076216 256.038431
329.179964 4.019715 6.073919 254.301551
329.370737 4.037265 6.074545 252.764554
329.448552 4.057974 6.085608 252.893639
329.627510 4.055739 6.074028 252.925586
329.686075 4.055968 6.062670 253.020542
329.916649 4.058973 6.028872 253.543176
329.976274 4.052161 5.981171 254.107716
330.092570 4.054284 5.937467 254.630371
330.212958 4.049839 5.916065 254.580645
330.415696 4.034363 5.893950 254.472888
330.464232 4.002173 5.851117 254.257995
330.698313 3.992709 5.844051 253.376356
330.758064 3.967500 5.824460 252.559672
330.932470 3.952480 5.776467 251.913167
331.049707 3.931893 5.776467 251.857574
331.108127 3.935537 5.776467 251.825667
331.225418 3.921289 5.712273 251.856437
331.345650 3.922633 5.674951 252.221306
331.554840 3.919131 5.608427 253.335355
331.619903 3.924433 5.551717 254.362629
331.811533 3.896763 5.551717 255.581940
331.872593 3.892456 5.551717 255.992359
332.104706 3.902231 5.464226 256.400709
332.162872 3.907364 5.396240 256.583048
332.358740 3.909260 5.342643 257.302598
332.421536 3.937766 5.301784 258.330655
332.533778 3.926954 5.301784 259.148625
332.655776 3.920596 5.301784 259.380965
332.712957 3.909665 5.140663 259.431138
332.948434 3.865925 5.078517 259.479338
333.002735 3.828952 5.029403 259.639971
333.236821 3.849102 5.029403 260.110542
333.354375 3.836349 5.029403 261.489602
333.413800 3.860880 4.915577 263.085783
333.588819 3.892539 4.801812 264.241010
333.705827 3.934049 4.940147 264.792607
333.764375 3.934049 4.970963 265.165270
333.941168 3.894656 4.964102 265.661449
334.057740 3.888019 4.964102 265.736646
334.115944 3.852629 4.964102 265.625269
334.291616 3.835860 5.074531 265.393163
334.350869 3.820017 5.165088 265.231486
334.529596 3.844904 5.113562 265.081283
334.644238 3.868976 5.095882 264.763238
334.701919 3.874890 5.097205 264.273564
334.877873 3.897056 5.042505 263.602693
334.939734 3.902945 4.990919 262.911117
335.113065 3.910155 4.943264 262.151546
335.171417 3.904739 4.897843 261.423993
335.346776 3.904660 4.854504 260.875696
335.463663 3.898518 4.815892 260.242189
335.522225 3.899992 4.783897 259.784321
335.698794 3.894028 4.764380 259.355300
335.756603 3.884975 4.760873 259.290585
335.873768 3.888552 4.742232 259.152156
335.952694 3.890703 4.736191 258.815134
336.597138 3.889600 4.736191 257.338929
336.713812 3.903939 4.736191 256.565788
336.773212 3.895781 4.681423 256.162700
336.948107 3.921401 4.616780 257.358700
337.066018 3.953308 4.540595 258.282531
337.123753 3.963046 4.467708 258.959323
337.310648 3.969528 4.371782 259.314309
337.362902 3.987299 4.323003 259.529635
337.572896 3.974629 4.280486 259.694517
337.632210 3.943521 4.250744 259.804506
337.807721 3.912210 4.232333 260.679509
337.925315 3.875472 4.200788 261.627098
337.983583 3.841546 4.183039 262.482300
338.159757 3.801094 4.149281 261.948726
338.217689 3.779669 4.122503 261.446584
338.393241 3.760151 4.090120 260.958371
338.457354 3.739486 4.079997 260.605679
338.627768 3.729146 4.042874 259.543960
338.744854 3.705626 4.014506 258.219516
338.806567 3.690875 3.987689 257.269753
338.979324 3.664746 3.946041 257.190459
339.096932 3.642762 3.905839 257.244617
339.155073 3.613139 3.884258 256.935711
339.334404 3.596033 3.853629 256.122137
339.389255 3.561682 3.821403 255.269348
339.565218 3.552982 3.805653 254.319824
339.684831 3.532615 3.785821 253.375255
339.746444 3.509927 3.773374 252.436803
339.975511 3.469012 3.759450 252.137085
340.034005 3.435897 3.730503 252.183292
340.210959 3.392636 3.698517 252.078397
340.268275 3.363094 3.667680 251.619866
340.444040 3.332602 3.619034 251.117775
340.561322 3.323968 3.594351 250.755272
340.619701 3.319613 3.566898 250.238171
340.799088 3.315735 3.544837 249.729386
340.854148 3.306928 3.524556 249.427518
341.030365 3.299344 3.518918 249.585906
341.147451 3.287855 3.507382 249.638020
341.205946 3.275862 3.504114 249.578724
341.381903 3.266199 3.500467 249.329268
341.440097 3.251526 3.493911 248.978308
341.501611 3.245306 3.467274 248.596656
341.733199 3.241990 3.437489 247.799610
341.791693 3.228077 3.414934 247.048400
341.969919 3.221824 3.390186 246.180719
342.036418 3.218955 3.365193 245.496144
342.260898 3.213519 3.351703 244.799053
342.319000 3.197231 3.331872 243.769034
342.494875 3.188024 3.311468 242.498295
342.556291 3.170745 3.285860 241.240388
342.748727 3.159695 3.264079 240.473668
342.866152 3.127616 3.229587 240.063051
342.924405 3.118829 3.211631 239.923217
343.104319 3.095170 3.163081 240.273433
343.164864 3.085864 3.141356 240.996194
343.335104 3.062059 3.116617 241.547347
343.451850 3.049701 3.098122 241.843536
343.510760 3.033163 3.068464 241.846796
343.687484 3.015458 3.056943 242.045269
343.803357 2.986965 3.026620 242.463633
343.862089 2.977811 3.008220 243.146438
344.037897 2.975719 2.988037 243.796172
344.096393 2.962207 2.976076 244.099577
344.157787 2.958246 2.969856 244.153274
344.332265 2.947711 2.958876 243.763085
344.391075 2.938949 2.945288 243.261555
344.623723 2.926694 2.922117 241.905881
344.683441 2.909679 2.898767 240.770249
344.917816 2.890341 2.867202 238.629318
344.975783 2.883360 2.836473 237.255557
345.150858 2.860807 2.804112 235.994979
345.212115 2.842903 2.792610 235.770793
345.385542 2.826842 2.780502 235.675602
345.444504 2.809987 2.771587 235.908630
345.506811 2.797560 2.775562 236.209367
345.740464 2.781596 2.743433 235.908863
345.796176 2.762305 2.714510 235.212820
346.030515 2.755561 2.689875 234.546631
346.089116 2.740682 2.663467 234.400638
346.265969 2.712053 2.623589 234.496060
346.322959 2.697891 2.615184 234.519945
346.498922 2.686741 2.618168 234.840488
346.557292 2.652774 2.611196 234.894846
346.737971 2.628068 2.606848 235.129810
346.803459 2.609261 2.598995 235.324490
347.026270 2.589435 2.599693 237.208286
347.084666 2.559106 2.581843 239.040817
347.319039 2.533118 2.552436 241.014530
347.380897 2.516001 2.533986 241.540282
347.554280 2.498263 2.530630 241.932152
347.670691 2.468335 2.521926 242.369562
347.729359 2.436006 2.501595 242.991770
347.846408 2.430680 2.496714 243.715127
347.975630 2.456224 2.496714 244.698915
348.041580 2.453866 2.496452 245.510582
348.237703 2.461373 2.491230 246.724853
348.295739 2.461036 2.448653 247.397066
348.472043 2.452378 2.420145 248.223566
348.529903 2.412980 2.375889 248.765177
348.706108 2.405705 2.375889 249.633803
348.784535 2.398429 2.375889 250.633832
348.842404 2.418034 2.308930 251.716826
349.025767 2.429161 2.248147 253.241959
349.080222 2.439997 2.212657 254.503949
349.311269 2.452999 2.164721 256.140802
349.370682 2.463822 2.119351 257.014463
349.546059 2.478464 2.109635 257.878790
349.604398 2.506897 2.093696 258.167072
349.779880 2.520981 2.075884 258.350445
349.897081 2.514930 2.084030 258.521680
349.955611 2.510851 2.111214 258.709638
350.131344 2.510851 2.111214 260.390048
350.191254 2.510851 2.111214 262.164615
350.369437 2.586769 2.090156 264.336074
350.483941 2.606238 2.101302 266.224078
350.541890 2.649454 2.108254 267.989760
350.717469 2.708405 2.102463 269.579494
350.834459 2.746120 2.102859 270.493657
350.893385 2.687672 2.126871 271.297209
351.069072 2.676770 2.127271 271.920482
351.127862 2.643234 2.148087 272.070175
351.303391 2.625756 2.161072 272.391778
351.424542 2.612277 2.173960 272.314423
351.481575 2.609040 2.179934 272.251185
351.657188 2.615122 2.204268 271.829411
351.772049 2.618251 2.232565 271.746654
351.830865 2.611175 2.240559 272.112915
352.006402 2.618265 2.206777 273.329478
352.065126 2.615993 2.184979 274.338338
352.241686 2.613025 2.184979 275.161742
352.358976 2.621273 2.184979 275.018210
352.416563 2.617792 2.168527 274.571962
352.594468 2.617318 2.168527 274.019225
352.655621 2.601149 2.168527 273.717722
352.714412 2.595241 2.180568 273.776435
352.944353 2.549387 2.113508 273.883631
353.002744 2.535233 2.114572 274.597943
353.178336 2.514940 2.114572 277.237698
353.295428 2.516073 2.114572 280.395441
353.354090 2.488782 2.085803 283.211140
353.529690 2.517697 2.094407 285.596225
353.588454 2.516911 2.023010 287.231648
353.789969 2.522537 2.061773 290.163621
353.851083 2.550442 2.061773 291.801779
354.018145 2.550442 2.061773 294.122827
354.135546 2.599416 2.165317 294.985532
354.193821 2.628194 2.293880 295.646361
354.370132 2.662380 2.282125 295.601978
354.487729 2.678945 2.314041 295.695041
354.545969 2.686081 2.343286 295.946779
354.721558 2.649927 2.290089 296.528541
354.839431 2.638973 2.245174 297.077922
354.899090 2.614306 2.263626 297.807929
355.131642 2.597565 2.309540 298.523450
355.190367 2.599000 2.309540 298.968889
355.385695 2.602632 2.309540 297.437059
355.443891 2.592972 2.332628 294.917724
355.639174 2.597082 2.333248 292.130257
355.697973 2.599606 2.333248 290.861390
355.874075 2.575679 2.364046 289.927178
355.934306 2.584535 2.364046 289.152755
356.109743 2.564244 2.419027 287.493606
356.170796 2.539375 2.443208 286.053809
356.343795 2.521874 2.489870 284.974670
356.400793 2.491250 2.540277 284.803877
356.518580 2.463891 2.562059 284.472687
356.635451 2.451603 2.577097 282.552703
356.694635 2.452057 2.592798 280.722072
356.869765 2.448893 2.623280 279.029925
356.928358 2.446998 2.656766 278.315778
357.046196 2.429940 2.676460 277.525896
357.163658 2.429785 2.686987 276.651685
357.222220 2.406081 2.701456 276.257479
357.397291 2.398723 2.714961 276.271415
357.475153 2.394742 2.712152 276.411416
357.592433 2.393153 2.749690 276.273911
357.709508 2.373103 2.779918 275.203900
357.768128 2.367003 2.817803 274.363577
357.885226 2.374322 2.835422 273.962277
358.002130 2.370852 2.861047 274.233477
358.063628 2.366911 2.862431 274.014811
358.237292 2.374657 2.872210 273.225199
358.295394 2.384304 2.862323 272.395304
358.413220 2.372231 2.877637 271.797141
358.538189 2.368643 2.897163 271.277591
358.627981 2.380899 2.909823 270.685191
358.783387 2.378273 2.926022 269.792302
358.826512 2.374871 2.945106 269.234222
358.998630 2.364699 2.956060 268.379726
359.057124 2.353014 2.960078 268.182472
359.177769 2.333731 2.972689 268.387231
359.291945 2.327849 2.973602 269.349429
359.350496 2.320175 2.979259 270.554770
359.525834 2.313532 3.001370 271.598872
359.643954 2.315563 3.020246 272.448576
359.710626 2.312217 3.022617 272.602931
359.898011 2.299421 3.046209 272.166472
360.014395 2.300435 3.073761 270.726128
360.072894 2.309316 3.085975 269.296632
360.308668 2.302397 3.104024 267.175997
360.353480 2.305202 3.121312 265.680042
