44.1 ,-31.2 ,45.75
44.4 ,-29.849999999999998 ,45.0
43.8 ,-29.849999999999998 ,46.65
44.85 ,-31.5 ,45.0
45.15 ,-30.599999999999998 ,44.699999999999996
44.699999999999996 ,-31.65 ,45.15
44.4 ,-31.5 ,45.15
43.949999999999996 ,-31.65 ,46.35
44.85 ,-31.2 ,46.35
44.85 ,-31.95 ,46.35
45.15 ,-31.5 ,46.65
44.699999999999996 ,-31.799999999999997 ,46.5
43.35 ,-33.449999999999996 ,47.25
45.75 ,-37.199999999999996 ,47.4
45.3 ,-42.6 ,49.65
44.699999999999996 ,-48.0 ,50.25
44.699999999999996 ,-55.65 ,49.35
42.0 ,-64.95 ,48.3
42.449999999999996 ,-74.1 ,42.6
33.6 ,-79.64999999999999 ,34.05
33.15 ,-80.85 ,26.4
26.55 ,-82.8 ,19.65
24.3 ,-82.05 ,16.5
19.65 ,-78.14999999999999 ,11.1
17.4 ,-73.95 ,6.0
15.75 ,-69.0 ,5.1
13.65 ,-65.25 ,4.8
11.85 ,-60.15 ,2.85
13.2 ,-56.25 ,5.1
11.549999999999999 ,-53.55 ,5.1
12.299999999999999 ,-52.949999999999996 ,6.6
11.7 ,-50.699999999999996 ,7.8
10.5 ,-45.6 ,7.5
12.6 ,-38.85 ,6.6
12.9 ,-37.35 ,3.5999999999999996
16.95 ,-35.699999999999996 ,1.65
17.25 ,-34.05 ,0.0
17.55 ,-32.4 ,0.8999999999999999
19.5 ,-30.299999999999997 ,0.44999999999999996
21.599999999999998 ,-25.5 ,4.35
23.4 ,-23.4 ,10.95
24.45 ,-20.55 ,15.75
26.7 ,-19.05 ,20.55
29.4 ,-21.0 ,25.2
33.3 ,-20.55 ,33.9
38.1 ,-27.15 ,39.0
39.15 ,-29.25 ,47.1
41.85 ,-44.25 ,50.1
43.949999999999996 ,-51.9 ,50.1
48.6 ,-70.35 ,47.25
53.85 ,-76.35 ,43.5
57.9 ,-84.75 ,39.0
58.8 ,-90.45 ,32.4
61.199999999999996 ,-94.64999999999999 ,28.799999999999997
62.4 ,-96.6 ,26.25
63.15 ,-97.2 ,21.75
65.55 ,-96.6 ,19.05
64.05 ,-98.7 ,14.85
62.699999999999996 ,-97.35 ,12.6
62.25 ,-98.39999999999999 ,11.85
57.0 ,-99.3 ,9.75
54.449999999999996 ,-98.55 ,8.7
46.199999999999996 ,-96.75 ,11.85
39.0 ,-94.5 ,17.099999999999998
30.75 ,-87.0 ,17.4
22.95 ,-80.39999999999999 ,21.3
18.9 ,-68.85 ,25.95
15.299999999999999 ,-56.25 ,27.45
16.05 ,-46.199999999999996 ,28.799999999999997
16.95 ,-35.699999999999996 ,27.75
19.05 ,-28.65 ,24.75
21.9 ,-25.5 ,21.599999999999998
20.4 ,-28.65 ,19.349999999999998
19.05 ,-28.05 ,14.85
20.099999999999998 ,-25.95 ,14.399999999999999
21.15 ,-25.65 ,11.7
20.55 ,-27.75 ,12.0
19.65 ,-29.099999999999998 ,11.549999999999999
16.95 ,-30.0 ,12.75
21.0 ,-29.25 ,14.25
21.0 ,-28.799999999999997 ,17.4
24.3 ,-24.9 ,21.3
27.0 ,-22.2 ,24.0
29.4 ,-22.2 ,26.55
32.699999999999996 ,-20.849999999999998 ,31.95
37.5 ,-22.05 ,39.3
42.449999999999996 ,-28.5 ,44.1
42.449999999999996 ,-32.25 ,46.5
46.65 ,-39.75 ,50.1
45.449999999999996 ,-50.699999999999996 ,50.55
47.4 ,-60.599999999999994 ,48.75
48.75 ,-70.2 ,46.5
55.5 ,-79.2 ,42.15
58.949999999999996 ,-85.5 ,34.949999999999996
61.199999999999996 ,-93.6 ,28.65
64.8 ,-96.0 ,22.349999999999998
67.95 ,-98.39999999999999 ,10.799999999999999
69.0 ,-98.39999999999999 ,4.35
70.05 ,-97.05 ,-2.85
70.5 ,-94.2 ,-10.049999999999999
72.45 ,-88.95 ,-18.9
70.35 ,-82.2 ,-23.099999999999998
66.6 ,-80.85 ,-27.9
59.849999999999994 ,-70.2 ,-29.549999999999997
54.6 ,-67.2 ,-29.25
46.8 ,-60.599999999999994 ,-31.2
43.949999999999996 ,-58.8 ,-28.5
37.949999999999996 ,-56.699999999999996 ,-21.599999999999998
30.45 ,-55.8 ,-19.65
23.4 ,-52.35 ,-15.6
21.0 ,-49.5 ,-6.45
16.05 ,-41.1 ,0.0
14.85 ,-34.949999999999996 ,3.5999999999999996
16.05 ,-31.2 ,7.35
18.75 ,-22.5 ,9.6
21.45 ,-21.45 ,9.45
23.7 ,-21.75 ,7.05
24.0 ,-22.8 ,7.35
18.75 ,-33.6 ,4.95
15.299999999999999 ,-36.75 ,5.3999999999999995
14.549999999999999 ,-37.5 ,6.6
12.45 ,-41.85 ,9.75
12.299999999999999 ,-51.15 ,11.549999999999999
13.049999999999999 ,-58.8 ,18.75
14.85 ,-62.55 ,25.2
19.05 ,-67.5 ,30.45
25.8 ,-71.55 ,37.05
32.699999999999996 ,-75.0 ,41.55
40.199999999999996 ,-75.6 ,42.9
46.949999999999996 ,-80.85 ,42.6
50.25 ,-82.8 ,42.9
56.699999999999996 ,-85.2 ,40.949999999999996
62.25 ,-88.2 ,35.4
70.35 ,-89.55 ,29.4
75.45 ,-90.45 ,27.45
79.5 ,-89.25 ,23.25
85.5 ,-85.8 ,21.15
92.39999999999999 ,-79.8 ,18.599999999999998
96.14999999999999 ,-74.55 ,12.15
97.2 ,-72.0 ,5.85
98.39999999999999 ,-69.0 ,-2.6999999999999997
97.64999999999999 ,-66.89999999999999 ,-7.8
93.75 ,-64.5 ,-14.399999999999999
93.14999999999999 ,-62.699999999999996 ,-18.599999999999998
92.25 ,-55.8 ,-21.75
89.39999999999999 ,-51.3 ,-23.55
87.3 ,-46.05 ,-25.5
82.2 ,-42.3 ,-26.55
77.39999999999999 ,-36.6 ,-28.2
71.7 ,-34.05 ,-27.3
68.1 ,-31.5 ,-27.45
57.599999999999994 ,-30.599999999999998 ,-27.75
53.25 ,-30.45 ,-25.8
47.25 ,-31.65 ,-23.4
41.55 ,-31.65 ,-21.599999999999998
36.15 ,-30.9 ,-18.3
29.4 ,-28.799999999999997 ,-14.7
25.95 ,-30.0 ,-10.049999999999999
23.25 ,-30.299999999999997 ,-6.6
21.45 ,-32.85 ,-3.15
20.4 ,-32.85 ,-1.3499999999999999
17.4 ,-33.75 ,-0.6
16.8 ,-38.25 ,-0.44999999999999996
16.5 ,-37.5 ,1.05
14.399999999999999 ,-45.0 ,2.1
15.45 ,-47.55 ,4.2
14.549999999999999 ,-57.449999999999996 ,6.75
12.6 ,-60.3 ,6.75
16.2 ,-72.6 ,21.3
21.15 ,-76.64999999999999 ,24.9
29.549999999999997 ,-82.95 ,35.4
36.75 ,-83.85 ,34.949999999999996
36.75 ,-82.95 ,41.55
48.0 ,-82.64999999999999 ,42.75
53.699999999999996 ,-85.8 ,40.05
58.349999999999994 ,-87.3 ,40.5
62.4 ,-91.5 ,34.8
64.05 ,-92.39999999999999 ,33.15
64.8 ,-93.45 ,26.4
72.45 ,-94.64999999999999 ,23.25
74.55 ,-94.64999999999999 ,18.9
80.39999999999999 ,-95.39999999999999 ,11.1
82.64999999999999 ,-92.85 ,3.15
86.7 ,-86.55 ,-4.35
87.45 ,-85.95 ,-5.3999999999999995
87.3 ,-76.95 ,-16.349999999999998
84.6 ,-74.39999999999999 ,-19.65
80.85 ,-64.05 ,-26.4
79.5 ,-59.25 ,-28.05
80.25 ,-54.449999999999996 ,-32.1
72.0 ,-50.55 ,-29.25
70.35 ,-50.55 ,-31.049999999999997
62.699999999999996 ,-43.199999999999996 ,-33.3
57.9 ,-43.8 ,-32.4
49.05 ,-48.6 ,-30.599999999999998
43.35 ,-48.9 ,-29.549999999999997
35.85 ,-51.15 ,-23.4
28.349999999999998 ,-50.4 ,-21.599999999999998
28.349999999999998 ,-47.4 ,-11.549999999999999
18.0 ,-42.9 ,-7.05
17.7 ,-35.1 ,3.3
18.75 ,-26.849999999999998 ,5.7
20.25 ,-23.099999999999998 ,6.6
24.3 ,-20.4 ,7.05
24.599999999999998 ,-19.95 ,5.3999999999999995
25.2 ,-20.849999999999998 ,4.2
22.5 ,-22.95 ,3.15
18.599999999999998 ,-27.9 ,3.9
18.75 ,-31.95 ,5.1
15.75 ,-40.5 ,7.05
13.65 ,-45.15 ,11.549999999999999
12.6 ,-57.449999999999996 ,16.95
15.149999999999999 ,-64.05 ,17.849999999999998
18.3 ,-74.1 ,23.55
21.599999999999998 ,-79.8 ,27.45
29.099999999999998 ,-82.95 ,28.95
31.95 ,-82.8 ,28.5
33.6 ,-85.35 ,32.1
36.15 ,-85.5 ,31.349999999999998
35.4 ,-88.2 ,31.049999999999997
40.5 ,-90.3 ,29.4
42.449999999999996 ,-93.89999999999999 ,27.3
44.55 ,-94.5 ,23.25
46.199999999999996 ,-96.45 ,20.849999999999998
46.65 ,-98.55 ,13.2
48.15 ,-98.39999999999999 ,12.15
46.65 ,-98.1 ,1.65
48.15 ,-97.05 ,-1.95
49.05 ,-97.35 ,-10.049999999999999
51.3 ,-91.8 ,-15.0
54.75 ,-86.1 ,-20.4
61.949999999999996 ,-81.45 ,-22.349999999999998
65.85 ,-80.39999999999999 ,-25.8
69.14999999999999 ,-73.8 ,-27.9
69.75 ,-68.85 ,-28.2
68.1 ,-62.699999999999996 ,-31.049999999999997
67.35 ,-59.25 ,-30.299999999999997
61.949999999999996 ,-58.65 ,-31.95
59.099999999999994 ,-59.849999999999994 ,-31.65
58.349999999999994 ,-58.65 ,-31.349999999999998
48.75 ,-60.75 ,-28.95
43.949999999999996 ,-58.949999999999996 ,-25.8
33.15 ,-58.05 ,-22.05
27.3 ,-57.75 ,-17.099999999999998
21.45 ,-52.5 ,-8.7
17.7 ,-49.199999999999996 ,-4.95
16.05 ,-43.65 ,0.3
14.85 ,-41.1 ,1.65
15.149999999999999 ,-36.0 ,5.3999999999999995
16.65 ,-36.9 ,7.35
14.1 ,-41.85 ,11.549999999999999
11.1 ,-47.699999999999996 ,14.7
13.049999999999999 ,-48.0 ,18.9
15.45 ,-47.55 ,24.15
14.7 ,-53.1 ,30.299999999999997
19.8 ,-53.699999999999996 ,37.949999999999996
24.3 ,-55.5 ,44.699999999999996
36.0 ,-51.449999999999996 ,48.15
44.85 ,-50.1 ,50.85
61.65 ,-46.8 ,47.4
70.35 ,-46.65 ,44.25
80.39999999999999 ,-49.5 ,41.25
87.75 ,-53.699999999999996 ,35.699999999999996
92.25 ,-56.85 ,35.55
94.05 ,-60.9 ,31.2
96.0 ,-62.55 ,25.8
98.25 ,-62.55 ,21.9
100.95 ,-61.8 ,17.099999999999998
103.64999999999999 ,-58.05 ,7.199999999999999
99.75 ,-54.0 ,4.05
101.7 ,-48.0 ,5.1
102.45 ,-42.9 ,6.0
99.75 ,-31.2 ,7.8
97.5 ,-26.7 ,8.549999999999999
95.25 ,-25.95 ,6.6
94.8 ,-24.0 ,6.75
92.39999999999999 ,-21.75 ,5.7
92.55 ,-20.849999999999998 ,4.05
90.3 ,-20.25 ,0.44999999999999996
90.45 ,-19.95 ,-1.3499999999999999
87.3 ,-18.45 ,-4.35
85.05 ,-19.65 ,-10.95
84.75 ,-23.4 ,-14.399999999999999
80.39999999999999 ,-23.55 ,-18.599999999999998
77.39999999999999 ,-26.849999999999998 ,-23.849999999999998
68.7 ,-28.05 ,-27.75
65.39999999999999 ,-33.449999999999996 ,-29.7
57.9 ,-36.6 ,-28.799999999999997
52.199999999999996 ,-42.3 ,-30.299999999999997
43.949999999999996 ,-49.8 ,-30.299999999999997
41.85 ,-54.9 ,-28.2
36.449999999999996 ,-66.89999999999999 ,-24.9
35.55 ,-72.45 ,-19.349999999999998
36.0 ,-86.1 ,-14.399999999999999
39.15 ,-93.45 ,-9.75
43.199999999999996 ,-94.8 ,-6.75
50.1 ,-99.6 ,-2.1
59.849999999999994 ,-99.14999999999999 ,1.3499999999999999
69.14999999999999 ,-97.64999999999999 ,0.6
74.55 ,-94.05 ,-1.7999999999999998
79.5 ,-92.1 ,-4.2
81.75 ,-86.39999999999999 ,-10.2
86.55 ,-82.35 ,-12.0
87.75 ,-78.45 ,-14.25
91.05 ,-72.14999999999999 ,-15.149999999999999
93.75 ,-65.7 ,-17.099999999999998
93.3 ,-60.9 ,-16.95
94.64999999999999 ,-53.25 ,-18.3
92.55 ,-47.4 ,-20.4
88.05 ,-42.0 ,-22.65
84.0 ,-40.35 ,-25.2
81.3 ,-35.55 ,-22.349999999999998
80.1 ,-30.299999999999997 ,-23.55
73.8 ,-27.75 ,-24.3
71.1 ,-27.75 ,-23.55
66.89999999999999 ,-25.95 ,-24.75
62.4 ,-26.55 ,-25.05
57.3 ,-24.0 ,-24.3
55.5 ,-22.95 ,-22.05
51.15 ,-20.25 ,-19.05
48.15 ,-17.4 ,-17.7
48.75 ,-15.899999999999999 ,-15.0
45.9 ,-14.85 ,-11.25
46.05 ,-11.7 ,-9.6
44.85 ,-11.549999999999999 ,-8.25
48.75 ,-9.6 ,-7.35
52.35 ,-7.949999999999999 ,-8.549999999999999
55.8 ,-8.25 ,-11.25
57.3 ,-12.9 ,-17.25
54.6 ,-17.25 ,-18.15
48.6 ,-24.599999999999998 ,-25.2
41.55 ,-34.8 ,-27.0
33.6 ,-45.75 ,-23.099999999999998
26.099999999999998 ,-56.699999999999996 ,-20.099999999999998
23.099999999999998 ,-68.39999999999999 ,-16.65
23.4 ,-76.35 ,-10.799999999999999
22.65 ,-85.2 ,-6.75
28.349999999999998 ,-89.85 ,-2.6999999999999997
31.95 ,-95.85 ,0.3
37.5 ,-99.0 ,1.2
41.1 ,-99.3 ,-1.65
52.199999999999996 ,-98.1 ,-4.05
58.8 ,-101.1 ,-5.3999999999999995
63.449999999999996 ,-96.6 ,-7.8
66.89999999999999 ,-94.95 ,-12.9
70.8 ,-91.05 ,-17.7
71.85 ,-84.75 ,-19.05
76.8 ,-74.55 ,-25.65
75.6 ,-71.55 ,-27.45
74.85 ,-67.8 ,-28.95
72.89999999999999 ,-62.099999999999994 ,-29.849999999999998
72.6 ,-59.849999999999994 ,-31.049999999999997
67.95 ,-56.25 ,-32.85
64.64999999999999 ,-54.0 ,-33.3
63.3 ,-48.6 ,-31.95
60.3 ,-46.8 ,-32.699999999999996
60.15 ,-41.85 ,-31.95
55.949999999999996 ,-43.05 ,-31.049999999999997
53.25 ,-42.6 ,-29.549999999999997
43.05 ,-41.4 ,-27.45
39.75 ,-41.699999999999996 ,-21.599999999999998
30.45 ,-34.35 ,-18.75
26.849999999999998 ,-33.0 ,-17.4
26.7 ,-28.349999999999998 ,-10.049999999999999
27.3 ,-24.3 ,-7.8
25.95 ,-22.2 ,-4.2
24.45 ,-22.349999999999998 ,-1.3499999999999999
25.349999999999998 ,-25.95 ,-2.6999999999999997
22.349999999999998 ,-26.25 ,0.44999999999999996
20.55 ,-27.75 ,1.95
17.4 ,-36.0 ,6.0
13.35 ,-38.25 ,8.7
12.6 ,-48.9 ,14.1
12.45 ,-55.05 ,14.1
14.7 ,-68.1 ,23.25
22.349999999999998 ,-75.14999999999999 ,27.9
29.7 ,-81.89999999999999 ,36.75
38.699999999999996 ,-82.64999999999999 ,37.5
38.699999999999996 ,-85.05 ,40.05
56.25 ,-84.75 ,40.35
68.39999999999999 ,-85.2 ,37.949999999999996
74.55 ,-83.25 ,37.8
77.39999999999999 ,-81.3 ,33.6
82.2 ,-79.5 ,33.449999999999996
81.6 ,-79.64999999999999 ,31.65
87.45 ,-78.45 ,30.599999999999998
88.95 ,-78.45 ,30.599999999999998
90.45 ,-71.55 ,31.2
90.3 ,-69.6 ,31.2
92.55 ,-64.95 ,33.6
94.05 ,-60.599999999999994 ,34.65
92.39999999999999 ,-61.199999999999996 ,35.4
94.05 ,-62.55 ,33.449999999999996
94.05 ,-62.55 ,33.6
95.25 ,-64.95 ,32.4
94.8 ,-65.55 ,28.799999999999997
96.75 ,-68.25 ,23.099999999999998
98.1 ,-69.75 ,17.7
99.0 ,-71.85 ,7.05
99.0 ,-70.05 ,4.35
97.2 ,-68.85 ,-5.85
96.75 ,-63.9 ,-9.75
92.25 ,-62.099999999999994 ,-18.0
90.89999999999999 ,-58.05 ,-21.15
87.3 ,-51.449999999999996 ,-22.8
82.2 ,-48.6 ,-25.95
79.35 ,-45.15 ,-28.05
75.3 ,-45.15 ,-30.15
66.6 ,-46.65 ,-30.299999999999997
57.449999999999996 ,-50.1 ,-31.349999999999998
49.65 ,-52.35 ,-31.95
44.1 ,-53.25 ,-27.3
35.25 ,-52.65 ,-23.849999999999998
25.5 ,-51.75 ,-17.25
20.4 ,-53.55 ,-14.1
20.4 ,-54.449999999999996 ,-8.1
16.95 ,-62.4 ,-4.2
17.25 ,-69.45 ,1.2
18.9 ,-76.95 ,6.75
19.8 ,-76.95 ,13.65
24.3 ,-82.64999999999999 ,22.8
29.099999999999998 ,-87.0 ,28.5
41.699999999999996 ,-90.3 ,35.4
54.75 ,-88.35 ,39.449999999999996
63.3 ,-79.5 ,42.0
71.1 ,-76.95 ,42.9
73.95 ,-72.6 ,42.6
78.89999999999999 ,-68.39999999999999 ,40.949999999999996
83.85 ,-66.45 ,39.3
88.05 ,-63.9 ,39.3
88.2 ,-65.25 ,38.1
90.45 ,-66.6 ,34.199999999999996
91.05 ,-67.64999999999999 ,32.699999999999996
95.85 ,-67.8 ,26.25
96.14999999999999 ,-69.0 ,18.3
98.85 ,-70.35 ,10.35
98.7 ,-71.55 ,10.35
97.35 ,-71.85 ,-1.3499999999999999
96.75 ,-69.6 ,-5.85
93.45 ,-64.5 ,-14.1
89.7 ,-62.699999999999996 ,-17.25
89.7 ,-58.05 ,-22.05
85.95 ,-55.199999999999996 ,-26.25
84.0 ,-55.199999999999996 ,-28.5
74.1 ,-46.8 ,-30.15
68.25 ,-43.65 ,-31.799999999999997
58.8 ,-39.3 ,-30.299999999999997
53.25 ,-37.199999999999996 ,-30.299999999999997
46.199999999999996 ,-30.599999999999998 ,-23.4
38.4 ,-29.25 ,-23.25
38.4 ,-24.599999999999998 ,-14.85
33.75 ,-20.849999999999998 ,-10.049999999999999
33.0 ,-13.5 ,-6.45
37.65 ,-12.299999999999999 ,-2.6999999999999997
38.85 ,-10.35 ,-2.1
45.15 ,-7.05 ,-1.7999999999999998
46.199999999999996 ,-6.3 ,-7.05
51.75 ,-10.799999999999999 ,-9.75
52.65 ,-11.4 ,-13.35
48.9 ,-21.45 ,-21.3
42.449999999999996 ,-25.95 ,-23.4
36.15 ,-43.199999999999996 ,-24.75
28.95 ,-50.85 ,-20.25
25.5 ,-71.25 ,-12.75
25.2 ,-75.3 ,-3.3
28.95 ,-94.5 ,4.05
32.55 ,-96.75 ,6.3
41.699999999999996 ,-101.1 ,16.5
48.3 ,-100.5 ,18.0
53.85 ,-101.1 ,18.9
58.8 ,-100.5 ,16.2
61.65 ,-100.2 ,6.45
68.25 ,-98.55 ,1.2
70.8 ,-96.14999999999999 ,-6.75
72.45 ,-92.25 ,-11.85
74.1 ,-87.14999999999999 ,-19.05
77.55 ,-77.1 ,-23.099999999999998
78.89999999999999 ,-72.45 ,-25.2
81.0 ,-60.3 ,-28.5
78.75 ,-49.5 ,-29.4
77.7 ,-42.6 ,-29.25
71.25 ,-35.699999999999996 ,-28.2
70.5 ,-29.7 ,-27.75
65.85 ,-27.75 ,-24.15
64.05 ,-24.0 ,-18.599999999999998
61.65 ,-16.8 ,-14.25
58.65 ,-12.75 ,-12.0
57.0 ,-7.949999999999999 ,-5.55
56.85 ,-7.35 ,-1.7999999999999998
55.949999999999996 ,-5.3999999999999995 ,1.3499999999999999
55.8 ,-4.6499999999999995 ,3.5999999999999996
55.35 ,-4.05 ,7.05
59.099999999999994 ,-4.5 ,7.199999999999999
59.699999999999996 ,-4.8 ,5.7
61.65 ,-5.3999999999999995 ,5.7
64.64999999999999 ,-4.5 ,1.7999999999999998
68.85 ,-6.3 ,-3.4499999999999997
69.14999999999999 ,-8.85 ,-7.949999999999999
68.7 ,-14.549999999999999 ,-17.25
66.3 ,-21.45 ,-21.75
62.55 ,-29.099999999999998 ,-29.549999999999997
59.4 ,-41.25 ,-30.9
50.4 ,-55.05 ,-31.95
47.699999999999996 ,-68.7 ,-25.65
48.75 ,-81.89999999999999 ,-21.599999999999998
50.4 ,-87.0 ,-18.15
53.25 ,-94.5 ,-8.85
60.75 ,-98.39999999999999 ,-3.3
70.05 ,-96.0 ,3.3
79.05 ,-95.85 ,4.35
81.6 ,-89.25 ,3.4499999999999997
88.8 ,-87.0 ,0.15
90.89999999999999 ,-80.85 ,-0.44999999999999996
94.8 ,-78.75 ,-3.4499999999999997
96.0 ,-75.14999999999999 ,-6.6
95.25 ,-63.15 ,-7.05
100.95 ,-57.0 ,-4.8
101.85 ,-49.949999999999996 ,1.2
100.8 ,-42.449999999999996 ,0.3
100.35 ,-37.199999999999996 ,1.2
100.2 ,-34.65 ,4.8
98.7 ,-29.25 ,8.1
96.6 ,-28.349999999999998 ,9.0
97.35 ,-27.3 ,10.049999999999999
96.6 ,-26.25 ,9.45
96.6 ,-26.099999999999998 ,8.25
97.5 ,-26.099999999999998 ,7.8
95.55 ,-24.75 ,6.3
96.89999999999999 ,-25.349999999999998 ,4.2
93.89999999999999 ,-23.55 ,1.3499999999999999
92.7 ,-23.4 ,-0.44999999999999996
93.14999999999999 ,-25.349999999999998 ,-3.5999999999999996
91.8 ,-26.55 ,-7.5
91.2 ,-26.849999999999998 ,-10.95
89.7 ,-28.5 ,-13.5
87.3 ,-29.849999999999998 ,-18.15
84.45 ,-31.95 ,-23.099999999999998
77.7 ,-37.8 ,-25.8
73.2 ,-40.5 ,-28.95
65.39999999999999 ,-51.3 ,-32.1
58.05 ,-55.65 ,-31.049999999999997
46.65 ,-61.949999999999996 ,-24.15
35.1 ,-66.3 ,-22.8
27.45 ,-72.75 ,-10.799999999999999
21.0 ,-74.1 ,-5.7
21.15 ,-82.95 ,10.049999999999999
27.45 ,-88.64999999999999 ,13.95
35.4 ,-91.8 ,28.799999999999997
46.8 ,-91.05 ,32.1
58.949999999999996 ,-88.35 ,40.8
66.75 ,-78.45 ,42.6
70.8 ,-71.25 ,39.75
86.85 ,-64.64999999999999 ,36.3
88.95 ,-64.64999999999999 ,32.699999999999996
93.45 ,-63.449999999999996 ,31.049999999999997
96.14999999999999 ,-63.449999999999996 ,29.549999999999997
96.3 ,-68.7 ,28.799999999999997
95.1 ,-68.7 ,27.0
96.75 ,-72.14999999999999 ,20.849999999999998
97.2 ,-73.5 ,20.849999999999998
99.89999999999999 ,-72.6 ,15.75
97.5 ,-71.39999999999999 ,11.7
98.39999999999999 ,-69.75 ,7.5
100.8 ,-69.45 ,7.5
99.6 ,-69.45 ,1.2
99.6 ,-64.64999999999999 ,-2.6999999999999997
99.89999999999999 ,-64.35 ,-7.949999999999999
97.2 ,-62.4 ,-11.7
93.3 ,-60.15 ,-14.399999999999999
89.55 ,-61.5 ,-22.349999999999998
82.95 ,-61.199999999999996 ,-25.05
72.3 ,-59.55 ,-28.65
71.55 ,-57.15 ,-31.049999999999997
67.64999999999999 ,-53.25 ,-31.799999999999997
56.699999999999996 ,-51.75 ,-31.799999999999997
53.699999999999996 ,-51.75 ,-29.25
40.5 ,-52.35 ,-26.7
36.449999999999996 ,-52.65 ,-22.349999999999998
30.9 ,-51.9 ,-20.099999999999998
26.849999999999998 ,-51.9 ,-20.099999999999998
23.7 ,-47.4 ,-14.7
21.0 ,-46.65 ,-12.75
19.8 ,-46.05 ,-11.85
19.349999999999998 ,-46.8 ,-11.549999999999999
19.349999999999998 ,-51.75 ,-12.15
17.55 ,-52.05 ,-9.75
16.5 ,-52.05 ,-6.45
16.05 ,-54.0 ,-0.15
15.299999999999999 ,-55.8 ,10.799999999999999
13.65 ,-56.699999999999996 ,19.349999999999998
15.899999999999999 ,-58.199999999999996 ,38.55
27.9 ,-60.15 ,45.75
32.25 ,-60.15 ,49.65
46.199999999999996 ,-58.05 ,51.9
51.0 ,-55.65 ,51.9
59.4 ,-52.5 ,54.0
63.75 ,-55.05 ,53.25
66.75 ,-60.0 ,52.35
73.35 ,-65.55 ,51.6
73.35 ,-70.35 ,44.4
82.2 ,-75.0 ,41.55
84.45 ,-75.0 ,31.049999999999997
93.3 ,-78.45 ,18.3
97.35 ,-78.14999999999999 ,5.7
100.95 ,-70.64999999999999 ,-0.15
99.6 ,-67.8 ,-2.4
96.89999999999999 ,-66.45 ,-12.15
93.45 ,-70.2 ,-14.25
87.6 ,-71.55 ,-19.05
85.2 ,-75.6 ,-21.15
81.6 ,-79.5 ,-20.4
71.1 ,-84.14999999999999 ,-22.349999999999998
69.0 ,-84.14999999999999 ,-19.5
55.5 ,-90.45 ,-13.95
51.0 ,-91.05 ,-10.049999999999999
37.949999999999996 ,-91.64999999999999 ,-5.85
32.25 ,-89.25 ,-3.3
25.2 ,-82.8 ,6.6
20.25 ,-80.1 ,9.0
15.149999999999999 ,-66.6 ,19.5
14.1 ,-59.25 ,20.55
14.1 ,-49.199999999999996 ,25.8
16.05 ,-35.55 ,25.8
16.5 ,-24.75 ,24.75
26.55 ,-19.2 ,23.4
28.05 ,-19.2 ,20.55
29.7 ,-17.849999999999998 ,20.55
28.349999999999998 ,-19.95 ,23.849999999999998
29.849999999999998 ,-19.65 ,26.7
29.849999999999998 ,-21.15 ,31.349999999999998
33.0 ,-25.5 ,34.949999999999996
33.3 ,-28.349999999999998 ,38.1
36.15 ,-30.9 ,42.449999999999996
38.25 ,-31.799999999999997 ,42.449999999999996
40.949999999999996 ,-31.95 ,46.65
48.15 ,-33.449999999999996 ,46.199999999999996
51.75 ,-34.65 ,48.75
52.949999999999996 ,-38.25 ,48.9
52.949999999999996 ,-42.6 ,52.65
57.9 ,-50.1 ,53.4
57.0 ,-50.1 ,52.5
65.55 ,-60.0 ,50.1
67.35 ,-62.699999999999996 ,48.3
74.7 ,-69.3 ,49.05
76.95 ,-68.39999999999999 ,45.0
80.55 ,-70.8 ,40.5
85.2 ,-72.14999999999999 ,39.3
88.95 ,-72.6 ,34.8
91.95 ,-73.8 ,31.349999999999998
91.2 ,-76.95 ,26.4
90.14999999999999 ,-77.25 ,22.65
90.6 ,-79.5 ,19.65
90.3 ,-82.95 ,13.5
88.95 ,-84.0 ,13.5
85.8 ,-90.14999999999999 ,11.1
81.3 ,-91.05 ,9.75
73.35 ,-95.85 ,9.45
64.05 ,-96.75 ,11.1
53.4 ,-96.75 ,19.05
43.65 ,-92.85 ,20.849999999999998
43.65 ,-88.2 ,28.5
31.95 ,-80.39999999999999 ,31.349999999999998
32.4 ,-72.75 ,39.0
29.549999999999997 ,-65.1 ,41.1
30.9 ,-65.1 ,44.1
34.05 ,-56.4 ,47.1
35.4 ,-57.15 ,47.85
40.05 ,-50.1 ,49.5
48.3 ,-44.85 ,51.75
56.699999999999996 ,-43.5 ,51.15
57.9 ,-43.5 ,49.5
72.6 ,-41.1 ,44.85
78.3 ,-38.55 ,40.8
86.85 ,-36.3 ,37.05
88.8 ,-36.9 ,35.699999999999996
94.35 ,-39.75 ,28.2
96.3 ,-40.05 ,29.4
96.3 ,-43.05 ,26.25
98.7 ,-46.199999999999996 ,24.75
100.2 ,-49.199999999999996 ,26.4
101.25 ,-49.949999999999996 ,25.95
100.2 ,-51.75 ,23.25
101.85 ,-53.85 ,19.8
101.85 ,-54.0 ,19.8
104.39999999999999 ,-56.699999999999996 ,8.7
103.64999999999999 ,-55.05 ,5.85
101.7 ,-56.699999999999996 ,-2.6999999999999997
98.39999999999999 ,-57.15 ,-6.75
99.14999999999999 ,-57.599999999999994 ,-14.1
91.2 ,-59.55 ,-18.3
92.39999999999999 ,-59.55 ,-21.9
86.85 ,-58.65 ,-22.5
83.7 ,-60.0 ,-26.25
76.5 ,-62.699999999999996 ,-28.799999999999997
71.85 ,-66.3 ,-28.799999999999997
66.6 ,-67.8 ,-29.7
59.699999999999996 ,-70.2 ,-30.299999999999997
52.199999999999996 ,-70.2 ,-29.4
45.449999999999996 ,-70.2 ,-27.75
44.55 ,-71.25 ,-23.849999999999998
33.3 ,-70.35 ,-20.849999999999998
32.25 ,-70.35 ,-19.349999999999998
23.849999999999998 ,-68.1 ,-11.7
19.5 ,-65.55 ,-5.55
16.05 ,-61.5 ,-2.55
14.399999999999999 ,-60.599999999999994 ,-2.55
12.45 ,-55.5 ,2.85
11.7 ,-55.8 ,3.5999999999999996
12.299999999999999 ,-57.15 ,9.45
11.549999999999999 ,-57.599999999999994 ,8.25
12.9 ,-61.949999999999996 ,17.099999999999998
13.799999999999999 ,-61.5 ,17.7
13.799999999999999 ,-65.25 ,25.5
17.55 ,-65.7 ,28.95
17.7 ,-67.64999999999999 ,37.199999999999996
28.349999999999998 ,-68.85 ,42.15
29.7 ,-69.45 ,46.199999999999996
41.85 ,-68.25 ,51.0
46.949999999999996 ,-69.6 ,53.25
57.599999999999994 ,-68.39999999999999 ,51.0
60.3 ,-69.6 ,51.75
66.3 ,-73.8 ,49.05
67.5 ,-75.6 ,47.699999999999996
67.5 ,-81.89999999999999 ,41.85
68.39999999999999 ,-88.5 ,38.25
71.25 ,-92.7 ,32.1
75.3 ,-93.0 ,21.599999999999998
76.64999999999999 ,-95.55 ,13.65
74.7 ,-96.75 ,5.7
74.85 ,-97.8 ,5.7
73.35 ,-95.55 ,-5.1
72.45 ,-93.6 ,-7.35
69.6 ,-93.0 ,-11.25
65.25 ,-92.1 ,-13.35
65.25 ,-91.05 ,-14.85
57.9 ,-90.75 ,-16.2
57.449999999999996 ,-90.75 ,-16.349999999999998
50.4 ,-90.45 ,-14.1
47.4 ,-90.14999999999999 ,-10.95
41.699999999999996 ,-90.14999999999999 ,-7.5
37.65 ,-90.75 ,-7.5
31.799999999999997 ,-89.25 ,0.6
26.55 ,-85.35 ,2.85
21.15 ,-77.1 ,15.899999999999999
15.299999999999999 ,-68.25 ,17.7
15.299999999999999 ,-52.949999999999996 ,25.2
14.85 ,-37.8 ,29.849999999999998
19.8 ,-24.9 ,30.299999999999997
27.45 ,-19.8 ,29.7
29.7 ,-16.65 ,26.25
32.55 ,-17.7 ,23.25
30.15 ,-21.0 ,21.9
26.55 ,-21.599999999999998 ,22.349999999999998
25.05 ,-23.4 ,21.75
26.099999999999998 ,-23.55 ,23.849999999999998
26.55 ,-25.5 ,28.05
25.8 ,-33.6 ,35.85
29.099999999999998 ,-36.9 ,38.699999999999996
33.15 ,-36.15 ,44.1
38.25 ,-36.75 ,44.4
45.449999999999996 ,-38.25 ,49.35
52.35 ,-39.75 ,49.8
54.15 ,-41.699999999999996 ,51.15
59.4 ,-48.0 ,52.05
60.75 ,-56.85 ,51.9
65.85 ,-61.199999999999996 ,49.05
67.35 ,-69.0 ,44.85
72.45 ,-80.39999999999999 ,37.949999999999996
77.7 ,-84.6 ,34.949999999999996
77.25 ,-86.55 ,23.25
80.85 ,-88.64999999999999 ,18.0
83.1 ,-89.25 ,12.15
84.45 ,-88.35 ,8.85
85.05 ,-89.1 ,4.95
84.0 ,-89.1 ,2.4
81.6 ,-88.5 ,1.7999999999999998
81.14999999999999 ,-91.5 ,-0.15
79.35 ,-90.89999999999999 ,1.3499999999999999
78.14999999999999 ,-92.39999999999999 ,-1.2
76.95 ,-93.45 ,-1.2
77.55 ,-94.64999999999999 ,-2.6999999999999997
71.85 ,-94.5 ,-1.05
70.5 ,-94.5 ,-1.95
61.199999999999996 ,-97.05 ,-1.2
59.699999999999996 ,-97.8 ,1.95
50.1 ,-97.8 ,4.95
43.949999999999996 ,-96.0 ,6.3
38.4 ,-93.0 ,12.15
37.35 ,-90.89999999999999 ,16.349999999999998
31.95 ,-88.2 ,23.4
29.099999999999998 ,-82.2 ,25.65
29.849999999999998 ,-79.5 ,32.85
28.65 ,-71.55 ,38.699999999999996
33.0 ,-67.05 ,44.699999999999996
37.199999999999996 ,-65.25 ,45.9
38.1 ,-61.5 ,48.6
47.4 ,-61.949999999999996 ,51.15
52.949999999999996 ,-58.65 ,52.5
67.35 ,-56.4 ,51.0
72.45 ,-53.1 ,46.5
80.85 ,-44.85 ,39.75
86.85 ,-40.5 ,38.699999999999996
90.3 ,-37.199999999999996 ,31.049999999999997
93.75 ,-34.65 ,27.9
94.05 ,-33.75 ,25.2
94.5 ,-33.6 ,27.0
93.45 ,-31.5 ,28.65
90.89999999999999 ,-31.2 ,31.049999999999997
87.3 ,-29.849999999999998 ,34.199999999999996
86.85 ,-31.799999999999997 ,35.55
87.75 ,-35.55 ,37.8
88.8 ,-38.85 ,38.85
89.1 ,-45.449999999999996 ,39.3
89.7 ,-49.199999999999996 ,39.449999999999996
93.14999999999999 ,-53.25 ,36.0
95.25 ,-55.5 ,31.65
97.95 ,-64.35 ,25.05
98.39999999999999 ,-66.3 ,25.05
96.89999999999999 ,-74.39999999999999 ,15.0
95.39999999999999 ,-78.14999999999999 ,13.95
92.25 ,-84.14999999999999 ,7.35
85.8 ,-87.0 ,4.8
85.8 ,-92.1 ,-0.8999999999999999
68.25 ,-95.39999999999999 ,0.8999999999999999
64.64999999999999 ,-96.0 ,0.0
43.05 ,-94.95 ,4.2
39.6 ,-91.5 ,10.35
26.25 ,-82.2 ,18.75
21.45 ,-78.45 ,24.75
19.05 ,-64.35 ,27.75
19.349999999999998 ,-59.849999999999994 ,30.9
21.45 ,-57.599999999999994 ,35.4
23.099999999999998 ,-54.3 ,35.699999999999996
24.45 ,-51.9 ,39.6
26.7 ,-47.699999999999996 ,41.85
29.549999999999997 ,-44.25 ,41.699999999999996
31.5 ,-41.4 ,41.55
32.4 ,-40.35 ,41.699999999999996
34.65 ,-38.85 ,43.949999999999996
35.25 ,-39.449999999999996 ,44.4
36.75 ,-39.75 ,46.65
37.65 ,-40.35 ,45.0
39.6 ,-40.949999999999996 ,46.5
42.0 ,-41.25 ,46.5
44.699999999999996 ,-43.199999999999996 ,49.5
48.6 ,-44.55 ,50.1
51.75 ,-45.75 ,51.15
54.75 ,-48.15 ,51.9
57.9 ,-52.5 ,51.75
62.55 ,-55.05 ,50.4
66.14999999999999 ,-56.85 ,51.3
70.05 ,-65.7 ,48.3
73.35 ,-70.2 ,44.699999999999996
76.95 ,-78.3 ,40.199999999999996
76.05 ,-83.25 ,37.8
76.2 ,-88.35 ,27.3
74.39999999999999 ,-94.64999999999999 ,22.5
74.1 ,-95.25 ,12.9
69.0 ,-95.55 ,8.1
65.55 ,-96.45 ,2.4
56.1 ,-97.64999999999999 ,1.65
53.1 ,-97.2 ,0.6
46.949999999999996 ,-94.95 ,-3.9
42.0 ,-92.85 ,-5.1
42.0 ,-89.7 ,-4.35
31.5 ,-85.2 ,-4.2
28.2 ,-80.1 ,-5.3999999999999995
20.4 ,-72.75 ,-3.5999999999999996
18.599999999999998 ,-72.75 ,-1.3499999999999999
15.45 ,-59.25 ,-0.6
14.399999999999999 ,-59.849999999999994 ,0.3
13.35 ,-49.5 ,1.7999999999999998
12.9 ,-47.55 ,1.7999999999999998
14.7 ,-43.199999999999996 ,-0.44999999999999996
16.05 ,-40.5 ,0.3
15.75 ,-40.65 ,-1.7999999999999998
14.1 ,-41.1 ,-0.8999999999999999
14.1 ,-44.85 ,-1.65
14.549999999999999 ,-50.4 ,-1.3499999999999999
14.549999999999999 ,-56.25 ,-1.05
15.149999999999999 ,-60.15 ,-0.15
13.049999999999999 ,-65.7 ,2.1
15.149999999999999 ,-71.25 ,4.8
18.15 ,-73.2 ,9.299999999999999
20.55 ,-80.1 ,14.85
24.3 ,-82.95 ,20.4
28.349999999999998 ,-87.3 ,24.9
33.9 ,-89.25 ,28.65
41.1 ,-90.3 ,35.699999999999996
52.199999999999996 ,-89.25 ,39.0
61.199999999999996 ,-88.35 ,38.699999999999996
67.64999999999999 ,-84.75 ,38.1
73.8 ,-85.05 ,34.05
85.2 ,-82.64999999999999 ,30.9
88.35 ,-81.0 ,22.5
89.1 ,-82.35 ,17.099999999999998
93.45 ,-81.3 ,15.45
93.75 ,-81.45 ,6.6
94.05 ,-81.45 ,2.1
93.3 ,-80.39999999999999 ,-5.7
90.3 ,-80.25 ,-10.049999999999999
89.1 ,-77.55 ,-14.85
84.6 ,-76.35 ,-19.05
80.55 ,-74.55 ,-25.05
76.95 ,-72.75 ,-26.4
74.1 ,-70.64999999999999 ,-27.75
71.1 ,-66.45 ,-27.3
67.35 ,-67.05 ,-31.799999999999997
65.39999999999999 ,-67.5 ,-31.2
64.64999999999999 ,-66.45 ,-31.2
63.3 ,-66.14999999999999 ,-30.9
55.35 ,-68.39999999999999 ,-30.45
53.4 ,-69.0 ,-29.25
45.75 ,-68.1 ,-27.45
44.4 ,-68.1 ,-25.5
38.25 ,-68.7 ,-23.099999999999998
35.55 ,-69.6 ,-19.65
29.549999999999997 ,-71.25 ,-15.6
29.549999999999997 ,-72.75 ,-10.049999999999999
26.7 ,-79.64999999999999 ,-2.55
26.099999999999998 ,-80.25 ,-2.55
23.849999999999998 ,-84.0 ,9.6
26.25 ,-85.5 ,13.95
28.799999999999997 ,-84.14999999999999 ,27.15
33.6 ,-85.2 ,33.6
35.4 ,-80.85 ,40.5
46.949999999999996 ,-76.05 ,46.949999999999996
54.6 ,-73.5 ,48.6
66.0 ,-63.75 ,47.4
75.14999999999999 ,-57.449999999999996 ,45.0
82.64999999999999 ,-44.85 ,44.25
85.8 ,-39.75 ,39.75
88.2 ,-35.55 ,31.95
89.55 ,-31.95 ,29.549999999999997
91.64999999999999 ,-31.2 ,25.5
91.95 ,-32.25 ,30.299999999999997
91.95 ,-34.65 ,32.85
93.0 ,-37.35 ,32.4
95.25 ,-40.05 ,32.699999999999996
95.39999999999999 ,-47.55 ,33.3
97.5 ,-49.5 ,32.699999999999996
97.5 ,-55.05 ,31.95
99.6 ,-57.599999999999994 ,28.05
99.14999999999999 ,-62.699999999999996 ,21.9
98.7 ,-68.25 ,19.05
98.1 ,-73.2 ,14.7
96.6 ,-78.45 ,7.35
94.5 ,-82.05 ,4.35
89.7 ,-86.7 ,1.65
82.35 ,-88.5 ,0.0
72.3 ,-94.95 ,-2.1
60.449999999999996 ,-96.6 ,-0.44999999999999996
48.75 ,-94.95 ,1.2
40.35 ,-92.25 ,3.15
40.35 ,-89.7 ,9.299999999999999
27.599999999999998 ,-82.8 ,10.95
23.7 ,-77.1 ,18.599999999999998
18.9 ,-72.0 ,20.25
17.25 ,-62.099999999999994 ,23.849999999999998
15.899999999999999 ,-54.6 ,24.15
15.45 ,-46.8 ,27.15
16.95 ,-43.65 ,27.9
18.75 ,-43.05 ,29.7
19.8 ,-41.699999999999996 ,28.95
19.65 ,-41.25 ,29.4
20.4 ,-38.25 ,31.349999999999998
20.55 ,-41.1 ,31.049999999999997
22.5 ,-43.5 ,34.949999999999996
25.05 ,-46.8 ,37.5
26.55 ,-49.199999999999996 ,39.75
29.849999999999998 ,-53.25 ,45.15
33.6 ,-56.1 ,47.699999999999996
40.199999999999996 ,-56.699999999999996 ,48.3
45.3 ,-56.4 ,50.1
50.1 ,-57.449999999999996 ,51.0
56.55 ,-58.199999999999996 ,51.75
61.65 ,-60.75 ,50.85
66.6 ,-61.199999999999996 ,49.35
71.55 ,-65.55 ,47.4
75.45 ,-69.0 ,45.6
77.55 ,-73.5 ,40.199999999999996
79.05 ,-78.89999999999999 ,36.6
81.0 ,-82.8 ,32.4
82.95 ,-85.2 ,29.849999999999998
81.14999999999999 ,-87.3 ,27.9
83.85 ,-89.55 ,19.5
81.75 ,-89.55 ,16.95
81.3 ,-91.5 ,9.0
80.85 ,-94.5 ,5.1
77.7 ,-94.2 ,-2.1
68.7 ,-96.0 ,-4.05
66.75 ,-95.39999999999999 ,-8.25
57.9 ,-93.45 ,-11.549999999999999
50.85 ,-92.1 ,-13.2
39.0 ,-85.05 ,-13.65
31.5 ,-80.7 ,-14.85
27.45 ,-73.5 ,-12.75
23.4 ,-65.1 ,-13.95
18.599999999999998 ,-57.599999999999994 ,-11.25
17.4 ,-50.1 ,-10.35
18.599999999999998 ,-41.1 ,-8.7
19.5 ,-38.699999999999996 ,-10.5
20.25 ,-35.55 ,-11.1
22.65 ,-33.6 ,-11.25
22.95 ,-31.65 ,-13.65
25.349999999999998 ,-31.799999999999997 ,-14.399999999999999
26.849999999999998 ,-33.0 ,-15.899999999999999
25.8 ,-37.35 ,-18.75
25.2 ,-39.449999999999996 ,-17.849999999999998
22.65 ,-48.9 ,-15.899999999999999
19.65 ,-53.55 ,-10.799999999999999
18.3 ,-66.6 ,-4.8
18.15 ,-70.8 ,-3.3
18.75 ,-79.05 ,7.5
20.4 ,-82.2 ,12.6
25.5 ,-84.0 ,20.849999999999998
28.65 ,-85.35 ,30.299999999999997
31.65 ,-85.35 ,37.35
43.05 ,-81.3 ,43.65
49.35 ,-80.7 ,47.699999999999996
55.8 ,-72.14999999999999 ,49.8
64.8 ,-70.05 ,50.25
71.1 ,-65.85 ,49.5
76.05 ,-66.3 ,48.15
80.55 ,-68.25 ,43.5
84.75 ,-72.14999999999999 ,40.8
84.75 ,-72.14999999999999 ,35.85
84.45 ,-84.0 ,29.25
85.5 ,-84.75 ,20.849999999999998
81.6 ,-91.64999999999999 ,17.849999999999998
80.85 ,-92.85 ,15.149999999999999
81.0 ,-92.85 ,10.95
83.7 ,-92.25 ,12.0
84.6 ,-92.25 ,12.75
84.45 ,-90.75 ,15.45
84.45 ,-89.7 ,19.65
87.0 ,-87.6 ,22.5
87.45 ,-86.39999999999999 ,24.75
85.8 ,-83.55 ,27.0
85.95 ,-85.2 ,30.599999999999998
85.35 ,-85.8 ,32.85
84.0 ,-84.6 ,33.9
82.2 ,-84.6 ,36.0
80.1 ,-85.05 ,34.8
77.55 ,-84.0 ,36.0
76.64999999999999 ,-85.35 ,36.449999999999996
74.55 ,-87.14999999999999 ,38.25
74.7 ,-87.3 ,37.949999999999996
73.64999999999999 ,-87.6 ,37.5
69.14999999999999 ,-87.14999999999999 ,38.699999999999996
69.45 ,-87.0 ,40.35
66.0 ,-87.0 ,40.35
66.14999999999999 ,-86.1 ,40.199999999999996
64.05 ,-87.89999999999999 ,40.35
63.449999999999996 ,-87.89999999999999 ,41.55
61.8 ,-86.39999999999999 ,42.0
62.699999999999996 ,-85.5 ,44.1
60.15 ,-85.05 ,43.65
58.199999999999996 ,-84.6 ,44.25
56.699999999999996 ,-82.95 ,45.0
55.35 ,-83.55 ,45.6
54.0 ,-83.55 ,44.85
53.85 ,-82.8 ,45.9
51.75 ,-82.05 ,45.9
49.65 ,-81.3 ,46.65
49.5 ,-79.64999999999999 ,46.35
46.05 ,-78.45 ,45.75
44.85 ,-77.1 ,45.449999999999996
44.4 ,-77.25 ,46.35
42.449999999999996 ,-73.95 ,47.25
42.449999999999996 ,-74.39999999999999 ,46.949999999999996
40.199999999999996 ,-70.35 ,48.0
40.35 ,-71.39999999999999 ,47.4
38.85 ,-66.89999999999999 ,47.25
39.15 ,-68.25 ,48.9
38.25 ,-64.35 ,48.9
38.25 ,-62.55 ,49.5
37.65 ,-60.599999999999994 ,49.8
36.9 ,-59.849999999999994 ,49.5
35.25 ,-58.199999999999996 ,49.5
38.4 ,-56.85 ,50.25
36.449999999999996 ,-54.3 ,50.4
36.75 ,-49.5 ,50.25
37.5 ,-48.9 ,48.6
37.199999999999996 ,-46.35 ,49.05
37.949999999999996 ,-44.85 ,48.9
39.0 ,-43.8 ,49.35
39.15 ,-42.0 ,49.5
40.199999999999996 ,-40.05 ,48.9
41.85 ,-39.15 ,48.75
43.949999999999996 ,-38.55 ,50.1
46.5 ,-36.3 ,49.35
46.05 ,-35.4 ,49.8
46.949999999999996 ,-35.55 ,51.15
49.35 ,-35.4 ,49.05
50.1 ,-34.949999999999996 ,49.35
49.8 ,-33.15 ,49.05
51.3 ,-33.75 ,50.1
51.3 ,-32.4 ,51.0
55.8 ,-31.5 ,49.8
57.0 ,-31.2 ,49.65
57.0 ,-31.95 ,49.35
60.3 ,-31.5 ,49.8
60.3 ,-30.45 ,49.65
61.65 ,-30.45 ,48.9
63.15 ,-30.45 ,48.6
64.5 ,-29.099999999999998 ,48.6
65.1 ,-29.7 ,47.699999999999996
66.6 ,-31.65 ,47.699999999999996
68.25 ,-30.599999999999998 ,47.699999999999996
70.05 ,-30.9 ,48.3
70.35 ,-33.6 ,47.4
71.55 ,-32.85 ,46.65
74.1 ,-34.35 ,47.4
74.55 ,-37.35 ,48.3
75.6 ,-36.3 ,47.4
77.25 ,-39.3 ,46.949999999999996
79.8 ,-38.699999999999996 ,46.5
80.85 ,-40.5 ,46.949999999999996
80.1 ,-41.85 ,45.9
81.6 ,-43.199999999999996 ,44.1
84.0 ,-44.55 ,45.15
83.85 ,-47.25 ,45.0
85.5 ,-47.4 ,44.699999999999996
86.55 ,-48.3 ,43.949999999999996
85.35 ,-52.5 ,44.699999999999996
86.25 ,-54.449999999999996 ,44.1
86.1 ,-57.0 ,43.949999999999996
84.45 ,-59.4 ,44.699999999999996
85.35 ,-61.349999999999994 ,44.25
84.14999999999999 ,-63.9 ,44.1
83.39999999999999 ,-65.25 ,44.25
83.25 ,-66.89999999999999 ,44.25
81.89999999999999 ,-67.8 ,43.949999999999996
80.1 ,-70.2 ,44.1
78.89999999999999 ,-70.35 ,44.25
78.89999999999999 ,-71.85 ,44.1
77.55 ,-72.6 ,43.65
76.64999999999999 ,-75.75 ,43.5
73.95 ,-76.05 ,44.4
73.2 ,-78.75 ,44.25
71.7 ,-76.64999999999999 ,44.85
70.05 ,-78.14999999999999 ,43.199999999999996
70.35 ,-80.7 ,44.699999999999996
68.7 ,-80.25 ,44.699999999999996
65.25 ,-82.35 ,44.25
63.449999999999996 ,-82.05 ,45.15
63.0 ,-82.95 ,43.35
61.05 ,-82.2 ,44.699999999999996
61.05 ,-82.64999999999999 ,45.0
59.849999999999994 ,-82.05 ,44.85
58.65 ,-82.05 ,45.75
56.55 ,-82.64999999999999 ,45.75
55.5 ,-82.05 ,45.0
53.85 ,-81.6 ,47.1
53.4 ,-81.89999999999999 ,46.199999999999996
51.6 ,-80.7 ,45.9
51.0 ,-81.6 ,47.4
49.5 ,-80.1 ,45.6
48.3 ,-80.39999999999999 ,46.35
47.25 ,-80.25 ,46.35
46.65 ,-78.75 ,46.65
44.1 ,-77.7 ,46.35
43.05 ,-77.25 ,46.949999999999996
42.3 ,-75.14999999999999 ,46.65
40.35 ,-75.3 ,45.75
39.449999999999996 ,-74.1 ,46.949999999999996
37.949999999999996 ,-72.0 ,46.35
36.6 ,-71.85 ,46.65
36.0 ,-68.1 ,47.25
33.9 ,-69.0 ,48.15
34.8 ,-63.3 ,48.0
33.3 ,-63.75 ,47.699999999999996
33.3 ,-60.599999999999994 ,47.25
33.15 ,-59.25 ,48.15
31.95 ,-57.599999999999994 ,47.4
32.25 ,-55.199999999999996 ,48.15
33.15 ,-54.449999999999996 ,47.699999999999996
32.4 ,-52.949999999999996 ,47.85
33.15 ,-51.3 ,47.85
34.35 ,-49.199999999999996 ,48.3
35.1 ,-48.15 ,47.1
35.1 ,-46.949999999999996 ,47.699999999999996
36.0 ,-44.25 ,47.85
36.6 ,-43.8 ,47.699999999999996
36.75 ,-43.5 ,47.85
36.449999999999996 ,-41.25 ,47.25
37.5 ,-40.65 ,48.15
37.949999999999996 ,-38.85 ,46.949999999999996
38.699999999999996 ,-37.35 ,47.4
39.6 ,-37.5 ,46.35
41.55 ,-36.0 ,48.0
42.449999999999996 ,-34.35 ,47.4
43.05 ,-34.05 ,48.15
43.65 ,-34.199999999999996 ,49.65
45.75 ,-31.799999999999997 ,47.85
46.65 ,-34.05 ,48.3
45.9 ,-31.799999999999997 ,46.65
47.25 ,-31.95 ,48.3
49.35 ,-30.599999999999998 ,47.4
49.8 ,-29.7 ,47.85
50.25 ,-30.45 ,47.4
51.3 ,-31.049999999999997 ,48.3
52.5 ,-30.45 ,47.4
52.199999999999996 ,-29.25 ,47.85
54.449999999999996 ,-29.7 ,47.85
55.5 ,-29.4 ,47.4
57.599999999999994 ,-29.099999999999998 ,46.5
56.55 ,-27.3 ,47.4
60.3 ,-28.5 ,45.9
60.15 ,-27.3 ,46.65
63.3 ,-29.7 ,46.65
64.05 ,-29.099999999999998 ,46.199999999999996
65.1 ,-29.25 ,46.5
68.1 ,-28.799999999999997 ,45.9
68.39999999999999 ,-29.099999999999998 ,45.75
71.55 ,-29.4 ,45.6
72.3 ,-31.95 ,44.4
76.5 ,-32.85 ,45.6
76.05 ,-32.85 ,45.75
78.3 ,-34.949999999999996 ,46.35
76.5 ,-36.3 ,45.15
79.8 ,-37.949999999999996 ,46.199999999999996
79.64999999999999 ,-41.699999999999996 ,46.5
79.8 ,-45.15 ,45.75
80.55 ,-44.4 ,46.199999999999996
81.14999999999999 ,-45.449999999999996 ,47.25
81.0 ,-48.6 ,46.65
81.3 ,-50.1 ,46.65
81.0 ,-51.9 ,46.35
81.6 ,-53.1 ,47.25
83.7 ,-53.699999999999996 ,45.9
82.2 ,-55.199999999999996 ,45.9
82.2 ,-56.1 ,44.85
81.3 ,-55.8 ,44.4
81.3 ,-56.85 ,45.15
82.95 ,-56.1 ,45.15
81.89999999999999 ,-57.0 ,46.199999999999996
81.75 ,-54.9 ,46.35
82.95 ,-54.9 ,46.199999999999996
82.64999999999999 ,-53.85 ,45.6
83.1 ,-51.9 ,45.75
81.89999999999999 ,-52.35 ,47.1
82.5 ,-49.35 ,46.35
79.8 ,-47.4 ,47.25
80.39999999999999 ,-44.4 ,46.949999999999996
79.8 ,-44.55 ,47.25
78.14999999999999 ,-40.949999999999996 ,46.199999999999996
76.2 ,-38.85 ,46.35
77.39999999999999 ,-35.4 ,47.25
74.39999999999999 ,-34.949999999999996 ,47.85
73.2 ,-33.75 ,47.699999999999996
70.95 ,-33.0 ,46.949999999999996
70.5 ,-32.85 ,46.65
69.14999999999999 ,-32.4 ,46.65
66.14999999999999 ,-31.2 ,46.949999999999996
64.8 ,-29.7 ,48.15
61.8 ,-29.4 ,48.0
62.4 ,-29.25 ,48.75
61.05 ,-30.299999999999997 ,47.699999999999996
58.65 ,-31.95 ,48.15
59.4 ,-29.4 ,46.949999999999996
55.5 ,-29.849999999999998 ,48.15
54.75 ,-30.0 ,46.949999999999996
53.25 ,-31.5 ,48.3
50.85 ,-31.049999999999997 ,48.0
51.15 ,-31.65 ,48.75
49.35 ,-32.85 ,48.9
49.35 ,-33.0 ,48.75
46.8 ,-32.85 ,47.699999999999996
46.949999999999996 ,-33.75 ,48.9
45.15 ,-35.699999999999996 ,49.5
43.05 ,-35.55 ,48.6
41.55 ,-36.3 ,47.699999999999996
40.35 ,-38.25 ,48.6
40.5 ,-40.5 ,48.9
39.449999999999996 ,-41.1 ,49.05
38.25 ,-44.4 ,48.0
37.5 ,-45.0 ,48.9
35.55 ,-44.4 ,49.65
36.15 ,-48.9 ,47.699999999999996
35.85 ,-49.35 ,48.75
36.15 ,-52.05 ,48.9
35.1 ,-52.949999999999996 ,47.85
34.5 ,-53.25 ,48.0
36.0 ,-56.4 ,47.1
34.65 ,-58.199999999999996 ,47.699999999999996
34.5 ,-60.9 ,47.699999999999996
35.85 ,-62.099999999999994 ,48.75
35.85 ,-63.75 ,47.699999999999996
36.9 ,-66.45 ,48.75
36.9 ,-66.89999999999999 ,46.199999999999996
37.65 ,-68.7 ,47.25
38.85 ,-70.64999999999999 ,48.6
39.15 ,-70.2 ,46.65
40.35 ,-72.75 ,46.199999999999996
42.449999999999996 ,-74.39999999999999 ,46.5
44.1 ,-76.05 ,45.9
43.05 ,-75.3 ,47.4
46.949999999999996 ,-77.85 ,46.199999999999996
46.5 ,-78.45 ,44.4
49.05 ,-79.5 ,46.949999999999996
49.35 ,-80.1 ,45.0
50.85 ,-80.39999999999999 ,46.35
51.3 ,-80.25 ,46.199999999999996
53.1 ,-81.0 ,44.85
55.949999999999996 ,-81.3 ,45.9
55.949999999999996 ,-80.85 ,44.85
57.3 ,-81.3 ,45.6
59.699999999999996 ,-80.1 ,45.15
60.9 ,-79.2 ,45.6
62.25 ,-78.45 ,45.75
64.05 ,-79.5 ,45.15
66.14999999999999 ,-78.45 ,45.6
68.7 ,-79.05 ,45.15
70.2 ,-77.55 ,43.5
70.8 ,-75.75 ,45.15
72.6 ,-76.05 ,43.949999999999996
74.7 ,-75.3 ,47.1
75.3 ,-72.75 ,45.449999999999996
76.64999999999999 ,-72.14999999999999 ,43.65
78.3 ,-70.35 ,44.25
80.1 ,-69.3 ,43.199999999999996
80.39999999999999 ,-66.89999999999999 ,43.949999999999996
81.14999999999999 ,-65.25 ,43.5
82.5 ,-63.449999999999996 ,43.949999999999996
83.85 ,-59.4 ,45.15
85.5 ,-58.8 ,43.65
84.45 ,-56.4 ,43.35
85.35 ,-54.0 ,44.699999999999996
85.35 ,-52.949999999999996 ,45.0
84.75 ,-51.3 ,44.1
84.45 ,-48.75 ,44.699999999999996
82.95 ,-46.949999999999996 ,44.85
84.0 ,-45.0 ,45.6
82.64999999999999 ,-41.85 ,43.35
82.5 ,-41.85 ,44.1
81.0 ,-37.5 ,44.25
80.39999999999999 ,-39.3 ,45.6
79.64999999999999 ,-36.15 ,45.15
78.89999999999999 ,-36.15 ,44.25
77.7 ,-35.1 ,45.9
76.05 ,-32.25 ,45.0
75.89999999999999 ,-31.2 ,45.75
73.64999999999999 ,-30.0 ,46.35
71.85 ,-28.799999999999997 ,45.15
70.5 ,-29.849999999999998 ,45.9
69.14999999999999 ,-29.25 ,46.35
66.3 ,-28.65 ,46.35
63.9 ,-26.849999999999998 ,46.35
64.64999999999999 ,-27.3 ,45.449999999999996
61.5 ,-26.55 ,47.1
59.55 ,-27.45 ,46.5
57.599999999999994 ,-26.099999999999998 ,45.15
58.199999999999996 ,-26.25 ,45.9
56.699999999999996 ,-25.95 ,45.75
54.15 ,-26.7 ,45.75
54.15 ,-29.849999999999998 ,47.699999999999996
50.1 ,-28.349999999999998 ,46.5
50.25 ,-31.049999999999997 ,47.85
48.0 ,-28.5 ,47.85
47.55 ,-30.599999999999998 ,46.949999999999996
45.449999999999996 ,-33.6 ,46.65
43.05 ,-31.95 ,47.1
42.3 ,-33.6 ,47.1
41.1 ,-36.0 ,48.0
39.6 ,-36.75 ,47.699999999999996
38.25 ,-39.449999999999996 ,46.65
38.25 ,-41.25 ,45.9
37.949999999999996 ,-42.9 ,48.0
36.6 ,-45.15 ,47.4
34.35 ,-46.949999999999996 ,45.9
35.85 ,-49.35 ,47.4
33.15 ,-49.8 ,47.4
34.5 ,-52.65 ,48.3
34.8 ,-54.6 ,47.699999999999996
34.35 ,-59.55 ,46.65
33.9 ,-60.0 ,47.699999999999996
35.25 ,-61.349999999999994 ,48.75
35.55 ,-63.0 ,47.25
36.75 ,-63.3 ,48.0
35.55 ,-64.35 ,48.0
37.35 ,-67.05 ,46.65
39.0 ,-69.6 ,46.5
40.05 ,-69.75 ,46.65
39.449999999999996 ,-71.55 ,48.3
42.3 ,-73.8 ,47.85
43.949999999999996 ,-73.5 ,47.85
44.1 ,-74.39999999999999 ,48.0
45.9 ,-75.75 ,47.25
49.05 ,-76.95 ,47.85
49.65 ,-77.85 ,47.699999999999996
54.15 ,-79.05 ,46.949999999999996
53.85 ,-78.3 ,46.5
54.6 ,-78.3 ,45.15
57.599999999999994 ,-78.75 ,46.199999999999996
56.55 ,-79.8 ,47.1
60.3 ,-80.7 ,46.5
62.25 ,-79.5 ,44.699999999999996
64.35 ,-78.75 ,46.5
65.25 ,-79.05 ,43.949999999999996
67.35 ,-79.5 ,44.699999999999996
69.14999999999999 ,-80.1 ,42.6
68.85 ,-81.3 ,42.6
70.5 ,-80.85 ,41.55
70.5 ,-82.8 ,40.35
72.3 ,-82.35 ,39.3
73.35 ,-86.1 ,37.199999999999996
71.85 ,-88.95 ,33.6
71.85 ,-90.14999999999999 ,27.9
71.85 ,-95.25 ,24.15
70.35 ,-97.8 ,8.549999999999999
70.05 ,-97.05 ,1.65
71.7 ,-95.25 ,-9.299999999999999
73.64999999999999 ,-87.6 ,-16.5
74.1 ,-83.25 ,-17.7
75.45 ,-77.1 ,-24.15
77.55 ,-72.89999999999999 ,-25.05
77.7 ,-68.39999999999999 ,-27.75
76.2 ,-67.05 ,-28.05
76.05 ,-67.05 ,-29.849999999999998
73.95 ,-61.8 ,-30.599999999999998
74.55 ,-59.55 ,-30.599999999999998
72.0 ,-57.0 ,-31.95
71.7 ,-55.8 ,-31.95
70.05 ,-54.3 ,-31.95
69.0 ,-52.05 ,-32.1
66.75 ,-50.699999999999996 ,-32.4
65.55 ,-47.55 ,-33.3
65.39999999999999 ,-48.3 ,-33.6
62.25 ,-44.85 ,-33.15
60.3 ,-46.05 ,-33.449999999999996
59.699999999999996 ,-43.5 ,-33.6
58.349999999999994 ,-42.0 ,-33.15
55.8 ,-42.9 ,-32.699999999999996
53.4 ,-42.6 ,-33.3
53.1 ,-43.8 ,-33.449999999999996
50.1 ,-45.75 ,-32.55
47.55 ,-45.15 ,-31.049999999999997
46.65 ,-46.05 ,-32.85
43.8 ,-46.199999999999996 ,-30.9
42.0 ,-48.0 ,-29.849999999999998
40.8 ,-49.35 ,-31.349999999999998
39.6 ,-53.699999999999996 ,-28.65
38.1 ,-53.55 ,-28.2
38.699999999999996 ,-55.8 ,-28.95
37.65 ,-57.449999999999996 ,-29.4
36.75 ,-58.349999999999994 ,-28.05
34.5 ,-59.25 ,-27.15
35.55 ,-62.4 ,-25.8
36.449999999999996 ,-63.3 ,-27.75
35.55 ,-64.95 ,-25.5
35.4 ,-66.89999999999999 ,-26.4
36.0 ,-70.05 ,-24.15
35.4 ,-70.64999999999999 ,-24.75
37.35 ,-71.39999999999999 ,-24.75
39.0 ,-72.45 ,-25.2
38.85 ,-74.55 ,-25.05
38.85 ,-76.05 ,-23.099999999999998
43.8 ,-77.1 ,-24.45
41.699999999999996 ,-76.5 ,-23.55
44.1 ,-77.25 ,-23.849999999999998
46.5 ,-78.89999999999999 ,-22.65
46.05 ,-79.2 ,-23.55
48.9 ,-77.1 ,-24.45
50.4 ,-80.7 ,-24.75
52.35 ,-80.85 ,-25.05
53.1 ,-81.3 ,-24.75
54.15 ,-80.85 ,-24.45
56.85 ,-80.25 ,-24.45
59.099999999999994 ,-81.45 ,-24.0
59.4 ,-80.85 ,-22.8
60.449999999999996 ,-80.39999999999999 ,-24.75
61.65 ,-81.3 ,-25.05
62.55 ,-79.8 ,-25.2
62.699999999999996 ,-81.0 ,-24.15
63.75 ,-80.25 ,-25.05
67.5 ,-79.5 ,-22.65
68.7 ,-79.8 ,-22.5
69.14999999999999 ,-79.8 ,-21.75
70.95 ,-80.7 ,-22.65
73.64999999999999 ,-76.64999999999999 ,-22.5
73.64999999999999 ,-76.35 ,-22.349999999999998
76.2 ,-75.0 ,-22.8
76.8 ,-75.14999999999999 ,-23.099999999999998
76.8 ,-74.7 ,-23.099999999999998
78.3 ,-72.6 ,-24.3
78.3 ,-72.14999999999999 ,-23.25
79.64999999999999 ,-67.8 ,-22.5
81.0 ,-67.8 ,-22.5
81.89999999999999 ,-65.1 ,-24.75
82.64999999999999 ,-65.7 ,-23.849999999999998
83.1 ,-63.449999999999996 ,-25.05
83.1 ,-63.0 ,-24.45
84.14999999999999 ,-59.55 ,-24.0
85.05 ,-58.199999999999996 ,-23.099999999999998
85.2 ,-55.8 ,-24.45
85.2 ,-53.699999999999996 ,-24.0
83.7 ,-51.9 ,-23.099999999999998
85.95 ,-49.8 ,-23.55
85.2 ,-47.4 ,-23.55
85.5 ,-47.55 ,-22.8
85.2 ,-46.949999999999996 ,-23.4
84.6 ,-43.8 ,-23.25
83.1 ,-44.1 ,-23.25
82.95 ,-41.85 ,-24.15
83.1 ,-40.5 ,-23.849999999999998
83.39999999999999 ,-39.75 ,-24.15
82.5 ,-38.55 ,-24.15
81.89999999999999 ,-36.75 ,-24.0
79.5 ,-36.75 ,-25.95
78.89999999999999 ,-37.35 ,-24.75
76.2 ,-33.75 ,-25.65
75.45 ,-31.799999999999997 ,-24.45
74.85 ,-31.65 ,-27.3
74.85 ,-30.9 ,-24.75
71.85 ,-30.0 ,-26.55
71.55 ,-28.5 ,-26.7
69.75 ,-27.3 ,-26.55
67.35 ,-27.15 ,-27.15
67.2 ,-27.45 ,-26.4
63.75 ,-27.15 ,-26.4
62.25 ,-26.25 ,-27.3
61.199999999999996 ,-27.45 ,-26.7
57.599999999999994 ,-28.05 ,-28.05
57.0 ,-27.45 ,-27.45
54.449999999999996 ,-29.099999999999998 ,-28.2
52.65 ,-30.0 ,-27.15
50.55 ,-30.0 ,-27.9
48.15 ,-32.25 ,-27.9
46.5 ,-32.55 ,-27.75
45.3 ,-33.15 ,-27.75
43.05 ,-34.8 ,-26.7
42.6 ,-35.55 ,-28.799999999999997
42.3 ,-36.3 ,-27.45
40.199999999999996 ,-36.75 ,-27.75
39.15 ,-40.949999999999996 ,-27.9
37.35 ,-41.4 ,-27.0
37.5 ,-42.9 ,-26.4
36.449999999999996 ,-44.1 ,-26.7
37.199999999999996 ,-45.449999999999996 ,-27.9
33.9 ,-45.15 ,-26.4
36.449999999999996 ,-45.15 ,-27.9
37.35 ,-48.75 ,-26.4
35.85 ,-49.8 ,-27.9
35.25 ,-50.85 ,-27.75
34.5 ,-50.85 ,-25.8
35.4 ,-52.5 ,-27.45
35.4 ,-55.199999999999996 ,-27.75
35.1 ,-54.9 ,-26.55
33.9 ,-56.4 ,-27.15
35.55 ,-59.4 ,-26.4
35.85 ,-59.55 ,-28.05
37.949999999999996 ,-58.949999999999996 ,-25.65
36.9 ,-62.099999999999994 ,-27.9
37.949999999999996 ,-62.55 ,-26.7
39.449999999999996 ,-65.25 ,-26.25
39.6 ,-66.14999999999999 ,-24.9
40.199999999999996 ,-67.64999999999999 ,-26.7
40.05 ,-68.25 ,-27.3
39.75 ,-66.89999999999999 ,-25.95
41.85 ,-69.3 ,-26.7
43.8 ,-71.39999999999999 ,-26.55
44.4 ,-71.25 ,-27.75
45.449999999999996 ,-72.89999999999999 ,-27.3
46.05 ,-75.0 ,-25.95
47.4 ,-75.6 ,-25.65
48.6 ,-76.64999999999999 ,-25.2
51.0 ,-77.55 ,-25.2
53.1 ,-77.7 ,-24.75
54.6 ,-79.5 ,-24.15
55.8 ,-79.05 ,-24.45
57.0 ,-78.75 ,-24.75
58.8 ,-79.05 ,-24.9
60.449999999999996 ,-77.85 ,-24.75
61.949999999999996 ,-78.45 ,-26.55
61.949999999999996 ,-77.25 ,-23.55
65.1 ,-78.89999999999999 ,-24.75
65.85 ,-77.25 ,-25.5
65.55 ,-76.95 ,-25.5
66.89999999999999 ,-76.5 ,-24.15
67.64999999999999 ,-75.14999999999999 ,-25.65
67.5 ,-75.89999999999999 ,-24.9
69.0 ,-75.14999999999999 ,-26.55
70.05 ,-74.1 ,-26.55
69.6 ,-74.1 ,-26.55
69.6 ,-75.3 ,-25.5
69.45 ,-75.89999999999999 ,-25.8
69.6 ,-74.55 ,-24.75
68.39999999999999 ,-75.14999999999999 ,-26.4
67.5 ,-76.95 ,-25.05
67.64999999999999 ,-75.3 ,-24.9
66.0 ,-76.64999999999999 ,-24.75
65.1 ,-77.7 ,-25.5
64.64999999999999 ,-77.25 ,-25.05
63.449999999999996 ,-78.45 ,-25.05
63.449999999999996 ,-78.14999999999999 ,-24.9
58.8 ,-78.75 ,-23.25
58.949999999999996 ,-79.5 ,-23.849999999999998
55.949999999999996 ,-77.7 ,-25.2
55.05 ,-78.75 ,-24.75
52.199999999999996 ,-78.14999999999999 ,-24.0
49.5 ,-76.95 ,-24.3
47.55 ,-76.05 ,-24.15
46.05 ,-76.05 ,-24.3
45.75 ,-75.0 ,-25.8
43.35 ,-75.75 ,-25.05
42.3 ,-74.7 ,-23.55
40.199999999999996 ,-73.5 ,-24.45
39.75 ,-71.25 ,-23.55
37.65 ,-70.95 ,-24.75
37.65 ,-69.45 ,-25.05
36.15 ,-69.45 ,-23.55
36.9 ,-67.05 ,-25.5
36.9 ,-65.25 ,-25.5
35.4 ,-65.1 ,-25.2
34.8 ,-61.5 ,-25.05
33.6 ,-60.599999999999994 ,-26.7
34.8 ,-59.849999999999994 ,-26.55
34.35 ,-57.599999999999994 ,-26.25
34.65 ,-56.4 ,-25.95
34.05 ,-54.0 ,-25.8
34.05 ,-53.1 ,-26.4
33.9 ,-49.5 ,-25.95
34.05 ,-48.75 ,-24.45
36.15 ,-47.55 ,-26.25
35.25 ,-46.199999999999996 ,-27.0
34.65 ,-46.199999999999996 ,-27.45
36.9 ,-43.5 ,-27.45
37.949999999999996 ,-43.199999999999996 ,-27.75
38.25 ,-38.699999999999996 ,-27.0
40.8 ,-39.449999999999996 ,-27.3
39.15 ,-36.0 ,-27.9
41.25 ,-35.699999999999996 ,-25.65
42.3 ,-34.05 ,-27.0
43.199999999999996 ,-33.15 ,-26.7
43.65 ,-31.799999999999997 ,-26.4
46.199999999999996 ,-33.0 ,-27.15
48.0 ,-30.9 ,-27.3
48.9 ,-29.25 ,-27.9
51.6 ,-27.9 ,-27.15
51.75 ,-27.9 ,-25.05
53.25 ,-27.45 ,-27.9
55.35 ,-26.099999999999998 ,-25.8
55.949999999999996 ,-26.099999999999998 ,-25.05
55.949999999999996 ,-27.3 ,-25.2
57.3 ,-23.55 ,-24.45
58.8 ,-24.0 ,-24.45
58.949999999999996 ,-24.75 ,-25.8
61.5 ,-25.2 ,-24.9
63.75 ,-25.95 ,-24.75
65.85 ,-26.849999999999998 ,-25.5
67.64999999999999 ,-27.3 ,-25.05
67.5 ,-27.15 ,-24.9
69.0 ,-29.4 ,-25.5
71.85 ,-29.7 ,-24.3
73.05 ,-31.799999999999997 ,-25.65
74.85 ,-32.85 ,-24.9
75.6 ,-32.85 ,-25.65
76.2 ,-34.199999999999996 ,-24.75
78.45 ,-35.699999999999996 ,-24.75
79.05 ,-34.35 ,-23.4
80.1 ,-36.0 ,-23.849999999999998
81.0 ,-37.199999999999996 ,-23.4
83.39999999999999 ,-36.6 ,-23.849999999999998
81.89999999999999 ,-37.199999999999996 ,-23.25
82.2 ,-38.699999999999996 ,-24.3
83.39999999999999 ,-40.35 ,-23.55
83.7 ,-43.199999999999996 ,-21.9
84.14999999999999 ,-44.4 ,-23.849999999999998
85.2 ,-45.75 ,-22.65
84.6 ,-46.35 ,-24.9
86.25 ,-50.55 ,-24.0
85.2 ,-51.75 ,-24.0
85.35 ,-54.0 ,-23.55
84.0 ,-55.199999999999996 ,-24.0
84.0 ,-56.85 ,-24.75
82.5 ,-58.8 ,-23.4
83.1 ,-60.3 ,-24.3
80.85 ,-63.0 ,-24.3
81.14999999999999 ,-63.3 ,-24.75
78.89999999999999 ,-64.64999999999999 ,-26.25
78.75 ,-66.3 ,-25.8
78.14999999999999 ,-67.64999999999999 ,-24.3
76.64999999999999 ,-68.39999999999999 ,-25.65
75.3 ,-72.0 ,-24.75
73.64999999999999 ,-70.8 ,-25.65
75.45 ,-72.14999999999999 ,-26.4
71.85 ,-71.55 ,-27.3
71.55 ,-72.6 ,-27.75
69.0 ,-72.75 ,-27.15
66.89999999999999 ,-72.14999999999999 ,-28.2
64.35 ,-72.6 ,-26.7
62.4 ,-73.35 ,-26.55
62.55 ,-73.95 ,-26.25
60.3 ,-73.5 ,-27.45
60.3 ,-75.75 ,-28.799999999999997
56.1 ,-72.6 ,-27.75
56.699999999999996 ,-72.6 ,-27.45
55.05 ,-70.95 ,-28.5
54.449999999999996 ,-71.85 ,-28.2
51.75 ,-71.85 ,-27.9
52.199999999999996 ,-71.39999999999999 ,-27.0
51.15 ,-70.35 ,-28.2
50.4 ,-69.3 ,-27.9
48.15 ,-69.6 ,-27.75
47.699999999999996 ,-68.39999999999999 ,-29.4
46.65 ,-68.1 ,-29.4
44.85 ,-66.3 ,-28.5
44.1 ,-67.05 ,-27.45
43.05 ,-64.35 ,-27.75
43.35 ,-65.1 ,-28.65
41.55 ,-63.0 ,-29.25
41.699999999999996 ,-61.349999999999994 ,-27.9
41.25 ,-60.9 ,-28.2
40.35 ,-58.65 ,-29.7
41.25 ,-57.15 ,-27.3
40.5 ,-55.5 ,-28.5
39.6 ,-52.35 ,-27.15
38.1 ,-52.949999999999996 ,-28.5
39.6 ,-52.5 ,-28.5
38.699999999999996 ,-50.1 ,-29.25
37.949999999999996 ,-48.75 ,-28.2
38.1 ,-46.949999999999996 ,-27.0
37.949999999999996 ,-44.4 ,-28.2
38.25 ,-41.699999999999996 ,-27.3
38.25 ,-41.699999999999996 ,-27.9
39.75 ,-41.699999999999996 ,-28.799999999999997
40.949999999999996 ,-38.55 ,-27.0
41.1 ,-38.699999999999996 ,-25.05
41.699999999999996 ,-35.4 ,-27.0
43.199999999999996 ,-35.55 ,-27.3
44.85 ,-31.2 ,-26.4
44.85 ,-30.9 ,-26.55
47.25 ,-31.5 ,-25.95
47.4 ,-29.099999999999998 ,-27.0
47.25 ,-28.05 ,-25.8
48.3 ,-27.75 ,-25.95
50.4 ,-28.799999999999997 ,-25.95
51.9 ,-27.45 ,-26.25
51.75 ,-27.3 ,-25.65
53.4 ,-25.2 ,-25.8
55.199999999999996 ,-25.349999999999998 ,-24.3
55.5 ,-25.95 ,-25.05
55.5 ,-26.099999999999998 ,-25.05
57.599999999999994 ,-24.3 ,-25.8
58.949999999999996 ,-25.65 ,-25.2
60.449999999999996 ,-25.95 ,-26.25
61.199999999999996 ,-26.55 ,-24.75
61.199999999999996 ,-25.65 ,-25.8
61.949999999999996 ,-24.15 ,-25.8
61.949999999999996 ,-25.5 ,-25.2
63.3 ,-24.15 ,-25.5
63.449999999999996 ,-24.15 ,-24.15
63.3 ,-25.65 ,-25.2
65.25 ,-25.5 ,-25.8
64.05 ,-23.55 ,-25.05
65.1 ,-24.15 ,-25.5
63.0 ,-24.3 ,-25.05
62.4 ,-24.75 ,-25.95
62.25 ,-25.5 ,-26.25
63.0 ,-26.25 ,-24.45
62.25 ,-25.65 ,-27.0
60.9 ,-26.849999999999998 ,-27.45
60.75 ,-27.45 ,-26.7
59.699999999999996 ,-29.7 ,-27.3
59.699999999999996 ,-30.599999999999998 ,-28.65
58.949999999999996 ,-34.05 ,-30.299999999999997
58.949999999999996 ,-34.05 ,-30.299999999999997
57.449999999999996 ,-36.3 ,-30.45
58.8 ,-36.6 ,-31.65
57.9 ,-39.449999999999996 ,-32.4
55.199999999999996 ,-44.55 ,-33.15
53.85 ,-48.0 ,-33.15
52.65 ,-54.9 ,-32.55
50.1 ,-60.9 ,-30.9
44.85 ,-68.85 ,-28.2
39.449999999999996 ,-73.5 ,-22.65
39.449999999999996 ,-82.2 ,-15.0
36.6 ,-89.1 ,-5.7
34.35 ,-93.89999999999999 ,4.6499999999999995
36.449999999999996 ,-96.6 ,12.0
39.15 ,-95.85 ,15.75
45.3 ,-95.55 ,31.049999999999997
52.949999999999996 ,-96.6 ,39.0
58.349999999999994 ,-89.25 ,42.449999999999996
61.8 ,-87.3 ,42.75
66.0 ,-85.95 ,44.1
67.95 ,-85.5 ,41.55
70.95 ,-87.89999999999999 ,38.85
75.3 ,-92.7 ,33.9
75.45 ,-95.39999999999999 ,27.0
77.55 ,-96.45 ,18.9
76.64999999999999 ,-98.7 ,9.299999999999999
76.2 ,-98.7 ,-0.3
73.64999999999999 ,-95.55 ,-8.549999999999999
67.2 ,-92.85 ,-12.6
64.8 ,-91.05 ,-14.25
59.699999999999996 ,-90.3 ,-21.15
52.5 ,-85.95 ,-21.75
54.75 ,-82.8 ,-23.849999999999998
43.05 ,-81.3 ,-21.75
39.15 ,-75.89999999999999 ,-18.75
29.549999999999997 ,-72.75 ,-16.95
25.2 ,-69.0 ,-14.399999999999999
19.65 ,-61.949999999999996 ,-8.85
16.2 ,-55.8 ,-8.1
16.2 ,-46.199999999999996 ,0.3
13.65 ,-36.6 ,3.3
14.7 ,-28.799999999999997 ,4.2
18.0 ,-25.5 ,4.35
22.65 ,-20.4 ,3.15
25.95 ,-18.0 ,1.7999999999999998
25.95 ,-17.849999999999998 ,0.8999999999999999
24.75 ,-22.5 ,0.3
21.45 ,-28.799999999999997 ,0.44999999999999996
16.65 ,-34.35 ,8.7
15.899999999999999 ,-38.85 ,11.85
15.899999999999999 ,-43.199999999999996 ,18.9
14.399999999999999 ,-48.6 ,29.25
18.0 ,-52.5 ,38.699999999999996
27.9 ,-57.15 ,47.25
32.25 ,-60.3 ,51.6
44.1 ,-60.15 ,51.75
48.9 ,-60.599999999999994 ,52.5
54.75 ,-67.05 ,53.1
58.65 ,-73.5 ,48.3
63.0 ,-77.1 ,46.949999999999996
63.9 ,-80.39999999999999 ,44.85
64.05 ,-87.75 ,36.449999999999996
63.9 ,-90.3 ,35.55
63.9 ,-93.89999999999999 ,28.799999999999997
63.15 ,-96.6 ,24.0
63.9 ,-97.95 ,18.9
59.55 ,-99.3 ,14.85
58.05 ,-99.14999999999999 ,11.7
51.75 ,-97.35 ,12.15
46.199999999999996 ,-98.39999999999999 ,12.6
43.35 ,-95.85 ,13.65
36.75 ,-91.64999999999999 ,15.899999999999999
29.849999999999998 ,-84.45 ,21.75
24.45 ,-80.7 ,26.7
21.599999999999998 ,-69.0 ,30.45
18.9 ,-57.75 ,33.449999999999996
20.849999999999998 ,-54.3 ,34.05
21.0 ,-43.05 ,35.699999999999996
23.849999999999998 ,-38.85 ,36.0
24.75 ,-36.3 ,35.699999999999996
26.55 ,-36.0 ,37.8
29.7 ,-34.35 ,40.35
33.0 ,-34.199999999999996 ,42.449999999999996
34.05 ,-33.75 ,45.75
43.65 ,-29.849999999999998 ,46.199999999999996
47.4 ,-29.849999999999998 ,46.5
59.4 ,-28.5 ,46.35
64.05 ,-27.9 ,43.65
73.2 ,-27.9 ,42.6
78.14999999999999 ,-28.65 ,41.699999999999996
82.35 ,-31.799999999999997 ,40.199999999999996
86.55 ,-34.199999999999996 ,39.75
86.55 ,-39.15 ,38.1
91.8 ,-46.05 ,38.699999999999996
92.55 ,-51.449999999999996 ,39.0
94.64999999999999 ,-58.05 ,35.699999999999996
94.5 ,-61.349999999999994 ,28.05
96.14999999999999 ,-70.2 ,20.849999999999998
97.95 ,-72.75 ,11.549999999999999
98.25 ,-75.3 ,6.0
98.1 ,-75.0 ,0.0
94.8 ,-75.89999999999999 ,-3.9
92.39999999999999 ,-76.5 ,-8.25
87.0 ,-79.05 ,-13.35
81.3 ,-82.35 ,-13.5
74.1 ,-83.25 ,-18.0
69.75 ,-84.0 ,-19.8
61.65 ,-86.39999999999999 ,-18.599999999999998
52.949999999999996 ,-87.0 ,-17.099999999999998
43.65 ,-89.25 ,-11.7
37.5 ,-87.14999999999999 ,-3.15
34.35 ,-92.1 ,6.0
30.299999999999997 ,-93.45 ,13.5
31.5 ,-92.39999999999999 ,22.8
36.6 ,-93.3 ,32.1
40.949999999999996 ,-90.14999999999999 ,32.699999999999996
46.199999999999996 ,-89.25 ,42.6
50.85 ,-87.3 ,45.449999999999996
56.85 ,-81.6 ,47.1
63.449999999999996 ,-80.39999999999999 ,48.3
65.25 ,-81.45 ,49.5
73.05 ,-78.75 ,47.4
78.0 ,-75.75 ,45.9
81.89999999999999 ,-75.89999999999999 ,45.9
82.95 ,-77.25 ,42.6
82.35 ,-83.39999999999999 ,39.75
84.6 ,-87.14999999999999 ,37.05
83.25 ,-89.55 ,24.9
84.75 ,-93.6 ,19.349999999999998
81.6 ,-93.6 ,12.9
81.3 ,-96.45 ,4.95
81.3 ,-95.85 ,-5.55
79.5 ,-90.89999999999999 ,-15.149999999999999
75.14999999999999 ,-86.55 ,-17.099999999999998
71.85 ,-82.2 ,-24.75
68.25 ,-79.5 ,-27.45
63.0 ,-76.35 ,-27.9
58.949999999999996 ,-74.39999999999999 ,-28.65
51.9 ,-73.5 ,-29.7
46.65 ,-73.5 ,-28.5
43.8 ,-74.55 ,-24.45
33.15 ,-72.0 ,-20.849999999999998
26.849999999999998 ,-67.64999999999999 ,-17.4
20.25 ,-61.199999999999996 ,-13.2
18.0 ,-56.25 ,-7.199999999999999
13.65 ,-47.25 ,-1.7999999999999998
13.2 ,-39.3 ,-0.3
15.299999999999999 ,-32.85 ,0.8999999999999999
17.7 ,-30.599999999999998 ,0.3
19.05 ,-32.4 ,-0.44999999999999996
18.3 ,-33.6 ,-1.95
18.3 ,-41.1 ,5.3999999999999995
11.85 ,-47.4 ,9.0
13.049999999999999 ,-57.449999999999996 ,16.5
13.65 ,-63.0 ,21.599999999999998
16.65 ,-69.3 ,28.799999999999997
22.349999999999998 ,-75.89999999999999 ,38.699999999999996
30.45 ,-75.75 ,38.55
35.1 ,-75.6 ,46.199999999999996
42.6 ,-75.14999999999999 ,48.3
49.5 ,-76.95 ,50.4
53.4 ,-76.64999999999999 ,50.1
55.5 ,-76.64999999999999 ,47.85
57.449999999999996 ,-81.45 ,45.9
58.65 ,-84.6 ,45.75
58.949999999999996 ,-85.35 ,42.15
59.699999999999996 ,-87.89999999999999 ,35.55
62.25 ,-94.5 ,31.65
60.9 ,-96.14999999999999 ,28.05
59.55 ,-97.64999999999999 ,18.9
58.949999999999996 ,-98.1 ,13.95
58.949999999999996 ,-101.25 ,11.7
59.699999999999996 ,-98.55 ,6.6
59.55 ,-98.39999999999999 ,4.05
54.15 ,-97.2 ,4.05
50.4 ,-97.2 ,4.95
45.9 ,-96.0 ,6.45
42.449999999999996 ,-94.8 ,7.8
35.1 ,-91.8 ,10.95
31.799999999999997 ,-87.75 ,13.35
25.349999999999998 ,-82.8 ,22.349999999999998
20.849999999999998 ,-73.35 ,24.75
21.75 ,-70.05 ,28.05
18.3 ,-61.8 ,30.9
18.599999999999998 ,-52.949999999999996 ,33.15
21.0 ,-49.35 ,34.35
20.25 ,-45.75 ,34.65
23.7 ,-44.25 ,36.0
23.099999999999998 ,-43.199999999999996 ,36.6
25.349999999999998 ,-42.3 ,76.5
25.95 ,-42.3 ,38.1
28.2 ,-42.9 ,43.65
33.75 ,-43.65 ,45.0
39.449999999999996 ,-43.65 ,48.9
43.65 ,-44.1 ,51.3
48.9 ,-41.4 ,51.6
59.699999999999996 ,-39.9 ,50.55
64.64999999999999 ,-37.199999999999996 ,48.15
70.95 ,-36.3 ,45.0
79.64999999999999 ,-35.699999999999996 ,45.449999999999996
80.55 ,-38.55 ,45.0
82.95 ,-41.85 ,47.1
81.89999999999999 ,-45.0 ,45.9
83.7 ,-45.449999999999996 ,46.949999999999996
82.35 ,-47.25 ,47.4
80.85 ,-47.25 ,47.85
80.25 ,-48.6 ,49.5
78.89999999999999 ,-51.75 ,50.1
78.14999999999999 ,-56.25 ,49.05
77.25 ,-62.099999999999994 ,49.05
77.39999999999999 ,-66.6 ,47.85
78.0 ,-72.6 ,43.65
79.5 ,-80.85 ,41.1
78.45 ,-82.2 ,37.5
75.3 ,-89.1 ,30.599999999999998
70.8 ,-91.5 ,25.65
70.35 ,-95.85 ,20.4
66.14999999999999 ,-95.39999999999999 ,18.75
63.9 ,-96.0 ,13.2
58.949999999999996 ,-95.39999999999999 ,12.45
49.65 ,-94.8 ,15.45
41.699999999999996 ,-93.6 ,18.3
38.85 ,-87.89999999999999 ,24.15
32.4 ,-84.45 ,28.65
30.75 ,-76.95 ,34.8
27.3 ,-70.35 ,35.4
25.95 ,-63.0 ,38.85
27.599999999999998 ,-53.55 ,39.75
26.099999999999998 ,-53.55 ,40.8
26.099999999999998 ,-45.0 ,38.85
25.95 ,-45.449999999999996 ,38.85
24.3 ,-40.35 ,36.6
24.45 ,-40.05 ,35.4
23.099999999999998 ,-39.3 ,32.699999999999996
22.5 ,-41.699999999999996 ,32.4
21.15 ,-43.8 ,34.35
21.75 ,-49.35 ,35.55
21.75 ,-55.5 ,41.25
27.3 ,-60.15 ,44.25
31.65 ,-61.949999999999996 ,46.199999999999996
37.65 ,-67.5 ,48.3
45.15 ,-69.3 ,50.55
51.0 ,-72.89999999999999 ,48.9
54.75 ,-75.14999999999999 ,49.5
59.849999999999994 ,-79.5 ,47.699999999999996
66.89999999999999 ,-82.8 ,44.85
68.39999999999999 ,-85.5 ,39.6
71.25 ,-89.25 ,32.55
72.3 ,-91.8 ,32.55
74.39999999999999 ,-96.75 ,18.9
71.7 ,-96.0 ,16.349999999999998
72.6 ,-97.35 ,-0.15
70.2 ,-96.0 ,-2.1
61.65 ,-94.64999999999999 ,-10.049999999999999
57.0 ,-92.85 ,-12.15
56.1 ,-88.2 ,-17.7
42.6 ,-83.25 ,-17.25
39.15 ,-77.7 ,-18.3
31.049999999999997 ,-75.14999999999999 ,-18.0
28.349999999999998 ,-70.05 ,-17.25
23.7 ,-61.349999999999994 ,-14.7
21.9 ,-56.699999999999996 ,-13.65
20.4 ,-49.5 ,-13.35
21.45 ,-46.949999999999996 ,-14.7
21.599999999999998 ,-45.75 ,-14.7
24.3 ,-48.3 ,-17.099999999999998
24.3 ,-49.5 ,-17.25
25.05 ,-60.3 ,-17.7
27.599999999999998 ,-70.05 ,-14.85
29.849999999999998 ,-77.7 ,-12.75
31.049999999999997 ,-84.75 ,-7.949999999999999
32.55 ,-91.05 ,-0.15
35.4 ,-96.75 ,7.199999999999999
40.199999999999996 ,-98.39999999999999 ,13.65
43.949999999999996 ,-97.95 ,13.65
50.25 ,-99.0 ,25.05
54.6 ,-97.2 ,28.2
62.55 ,-94.8 ,34.949999999999996
66.6 ,-90.75 ,35.55
69.14999999999999 ,-87.3 ,38.699999999999996
81.3 ,-83.25 ,37.35
85.35 ,-81.89999999999999 ,34.949999999999996
88.95 ,-80.85 ,31.799999999999997
93.14999999999999 ,-80.1 ,29.25
95.1 ,-79.2 ,23.55
96.3 ,-79.5 ,19.349999999999998
98.7 ,-80.25 ,11.25
96.14999999999999 ,-81.45 ,6.3
95.25 ,-83.25 ,-2.85
93.89999999999999 ,-81.0 ,-7.35
91.5 ,-74.7 ,-12.6
87.75 ,-74.1 ,-16.5
85.05 ,-74.39999999999999 ,-21.0
79.8 ,-75.89999999999999 ,-22.5
75.14999999999999 ,-75.14999999999999 ,-24.15
71.1 ,-76.35 ,-25.5
68.39999999999999 ,-76.35 ,-24.9
65.55 ,-77.1 ,-26.55
57.449999999999996 ,-78.89999999999999 ,-24.3
55.5 ,-78.89999999999999 ,-22.05
46.8 ,-76.35 ,-20.4
42.9 ,-79.05 ,-18.3
36.15 ,-81.6 ,-12.15
32.4 ,-82.8 ,-11.25
30.45 ,-84.6 ,-1.3499999999999999
29.4 ,-87.0 ,3.3
28.65 ,-89.25 ,14.7
29.099999999999998 ,-90.3 ,20.55
34.8 ,-91.05 ,30.299999999999997
40.05 ,-88.35 ,35.55
48.3 ,-84.6 ,45.6
58.65 ,-78.75 ,48.3
60.75 ,-72.14999999999999 ,49.05
72.6 ,-63.9 ,48.15
79.05 ,-57.449999999999996 ,47.25
84.0 ,-49.35 ,44.85
86.1 ,-49.949999999999996 ,44.25
86.25 ,-45.75 ,43.35
86.7 ,-45.0 ,44.4
86.7 ,-47.699999999999996 ,43.35
86.7 ,-48.15 ,44.4
88.64999999999999 ,-50.699999999999996 ,43.65
88.64999999999999 ,-52.5 ,43.35
87.6 ,-54.6 ,42.75
88.64999999999999 ,-60.75 ,39.6
91.05 ,-64.95 ,38.699999999999996
90.3 ,-70.64999999999999 ,34.35
92.25 ,-75.75 ,31.799999999999997
88.05 ,-82.2 ,24.15
84.0 ,-87.89999999999999 ,21.3
83.7 ,-91.64999999999999 ,16.95
76.05 ,-93.3 ,12.0
72.3 ,-97.35 ,12.45
64.64999999999999 ,-97.35 ,11.549999999999999
54.449999999999996 ,-97.8 ,12.0
46.65 ,-94.95 ,12.0
38.25 ,-93.6 ,14.1
38.25 ,-88.2 ,16.5
24.599999999999998 ,-82.64999999999999 ,19.65
24.599999999999998 ,-73.2 ,21.15
18.15 ,-68.85 ,24.45
18.9 ,-64.5 ,26.25
16.8 ,-55.8 ,24.75
15.899999999999999 ,-52.35 ,27.3
16.8 ,-49.35 ,24.3
16.65 ,-52.35 ,25.65
17.7 ,-55.05 ,27.9
19.05 ,-57.449999999999996 ,30.15
18.9 ,-60.0 ,30.599999999999998
20.4 ,-61.8 ,32.55
25.2 ,-65.7 ,39.0
29.849999999999998 ,-66.89999999999999 ,42.0
31.5 ,-68.39999999999999 ,44.85
38.1 ,-67.2 ,48.6
43.35 ,-66.45 ,49.8
47.55 ,-67.5 ,51.3
53.4 ,-68.85 ,50.55
58.05 ,-76.5 ,49.35
59.099999999999994 ,-78.75 ,46.199999999999996
59.099999999999994 ,-86.1 ,40.5
64.35 ,-89.25 ,37.949999999999996
65.55 ,-95.39999999999999 ,29.549999999999997
65.1 ,-96.6 ,24.0
63.15 ,-98.1 ,14.25
63.9 ,-99.14999999999999 ,10.35
60.9 ,-98.1 ,5.3999999999999995
60.15 ,-97.64999999999999 ,-0.3
55.8 ,-97.64999999999999 ,-2.55
48.9 ,-94.8 ,-7.949999999999999
43.05 ,-90.3 ,-10.2
40.05 ,-86.39999999999999 ,-10.799999999999999
34.05 ,-82.35 ,-13.5
29.7 ,-76.95 ,-13.5
26.7 ,-73.8 ,-13.95
25.05 ,-72.0 ,-14.399999999999999
24.0 ,-66.6 ,-16.349999999999998
21.9 ,-63.0 ,-15.149999999999999
21.9 ,-59.25 ,-15.75
21.15 ,-56.25 ,-15.6
21.599999999999998 ,-56.25 ,-16.5
23.7 ,-56.4 ,-17.7
25.2 ,-59.25 ,-18.599999999999998
26.55 ,-64.05 ,-18.599999999999998
27.599999999999998 ,-67.2 ,-18.15
28.349999999999998 ,-74.7 ,-15.75
28.95 ,-82.05 ,-12.0
29.4 ,-87.14999999999999 ,-4.8
31.799999999999997 ,-92.39999999999999 ,0.0
31.049999999999997 ,-94.05 ,4.35
37.5 ,-97.35 ,12.6
39.75 ,-98.39999999999999 ,20.25
46.5 ,-98.39999999999999 ,28.2
50.85 ,-99.6 ,33.9
61.949999999999996 ,-91.64999999999999 ,40.5
67.5 ,-90.45 ,40.5
75.6 ,-84.75 ,40.35
81.14999999999999 ,-80.39999999999999 ,40.35
88.35 ,-79.64999999999999 ,36.6
89.85 ,-80.25 ,33.15
94.05 ,-79.64999999999999 ,29.25
94.8 ,-80.1 ,21.3
96.89999999999999 ,-79.64999999999999 ,18.0
99.0 ,-78.75 ,11.7
99.45 ,-76.64999999999999 ,6.45
99.45 ,-75.75 ,0.8999999999999999
97.35 ,-75.3 ,-4.95
93.75 ,-72.14999999999999 ,-13.95
92.55 ,-69.6 ,-17.849999999999998
88.8 ,-69.6 ,-21.3
85.2 ,-67.8 ,-24.75
83.7 ,-66.6 ,-26.25
77.7 ,-62.55 ,-28.65
73.95 ,-63.3 ,-29.4
72.45 ,-64.95 ,-28.65
70.05 ,-66.3 ,-29.849999999999998
66.3 ,-66.89999999999999 ,-30.45
64.35 ,-68.7 ,-29.25
63.15 ,-72.89999999999999 ,-26.7
57.3 ,-80.25 ,-23.099999999999998
55.35 ,-82.95 ,-18.75
50.55 ,-90.75 ,-11.549999999999999
49.5 ,-94.95 ,-1.65
48.3 ,-98.7 ,5.55
53.699999999999996 ,-101.7 ,13.95
56.85 ,-100.35 ,25.05
60.9 ,-95.55 ,31.65
66.0 ,-90.3 ,37.949999999999996
70.05 ,-85.95 ,41.699999999999996
70.95 ,-84.6 ,43.199999999999996
76.64999999999999 ,-74.7 ,44.85
78.75 ,-73.8 ,44.85
84.14999999999999 ,-66.45 ,44.1
84.75 ,-65.55 ,42.9
88.05 ,-65.25 ,39.0
90.3 ,-64.95 ,37.8
93.89999999999999 ,-69.75 ,35.85
93.89999999999999 ,-72.6 ,33.15
93.3 ,-75.6 ,32.4
93.45 ,-77.7 ,29.849999999999998
93.75 ,-78.89999999999999 ,27.15
92.25 ,-82.2 ,23.4
91.64999999999999 ,-84.45 ,18.15
