-18.091640147798046, -5.587297321339962, 150.78686290785703
-0.1149216796875, 0.1292868896484375, -10.019733947753906
-0.03970291079389313, 0.04290046065648855, 0.004263399816793893
-202.64111393780271, -110.6559986909523, -291.32131388875575
-0.812915647449264, 3.0477148856464664, -9.511865884357828
0.055742076808293226, -0.016810251944198253, -0.006721869584833779
-37.13003778148475, -15.304544047930785, 150.99097588094133
-0.5027823486328125, 0.17956512451171874, -10.165780249023436
0.00985911207633588, -0.004529862305343512, -0.02558039890076336
-200.604947242998, -105.52239610518743, -285.98430234713425
-2.1751501333629686, 6.071836094569596, -7.875890434324585
-0.017187221771112305, 0.012516219533116144, -0.01788916453473287
-52.50675326352381, -26.306638101656972, 150.84381224835485
-0.40940848388671874, 0.12210428466796874, -9.974244116210937
-0.005862174748091604, -0.010924962030534353, 0.033307811068702294
-183.43457856188073, -90.42172858782699, -300.53229334267974
-4.046502493744473, 7.29735911421601, -5.4810982457049136
0.014579082635352871, -0.016216264205424113, 0.028064448882270613
-73.1194983006362, -32.78612784349297, 148.55620360596288
-0.46686932373046874, 0.41898529052734373, -9.866505041503906
-0.03677182341984733, -0.002931087374045802, -0.03543951097709924
-210.69353829907163, -115.9096299912409, -293.3729867580605
-4.824149626572947, 8.223921163135582, -2.614601012794801
0.005898221529302198, 0.05027022826639396, 0.007404886356088273
-98.25910397948236, -33.66329333324489, 144.53755196560104
-0.2154781494140625, 0.38786066894531246, -10.031704956054687
-0.009326187099236643, 0.0479632479389313, -0.028245023786259545
-188.47977109389362, -95.62704801253504, -303.68087311070906
-5.227321970435464, 8.51002494915112, 1.0423777813009885
0.013826312789047637, 0.047531024816284344, -0.027108431196233282
-125.525500431711, -29.376046450349545, 136.93801862479032
-0.13646949462890623, 0.30406361083984373, -9.840168823242188
-0.015188361847328247, 0.013589586916030535, 0.005862174748091604
-205.70107987171065, -117.96172758865076, -293.33514687109636
-4.55918855378605, 7.176382611231447, 4.9652123238135495
0.020631377616591912, 0.003720396561002778, 0.003198938574176822
-147.3305121891046, -21.829015790598515, 127.02669933404236
-0.2154781494140625, 0.30406361083984373, -10.031704956054687
-0.0130566619389313, 0.02078407410687023, 0.004263399816793893
-188.6781093184864, -116.98442853079275, -283.5653260958363
-3.384369935250467, 5.110855580108482, 7.9497915204293745
0.024287390860172557, 0.00453336285090412, 0.0031940572838473087
-162.78199987200023, -13.07423027886152, 116.23126172750767
-0.19871873779296872, 0.26336218261718747, -10.005368737792969
0.007727412167938932, 0.013856049404580155, -0.007194487190839696
-184.51515845811554, -101.78104629611316, -307.91371886181344
-1.9476741919425895, 2.847520376819633, 9.39757656530797
0.007152495025370373, 0.015148819881263723, 0.004776894490316299
-167.4984930189228, -10.032336353409603, 108.22009587986997
-0.3232172241210937, 0.2537853759765625, -10.031704956054687
0.018918836687022902, -0.012523736961832063, 0.016520674290076337
-196.7500585681166, -125.30825861765307, -288.8213586996567
-1.4106729028556941, 1.9289501221228051, 9.751570853143168
-0.014660837596529468, 0.009528177154037677, -0.02195387731512714
-162.94246805090964, -8.75938795432569, 105.83638864956549
-0.258573779296875, 0.41419688720703124, -9.97903251953125
-0.009059724610687023, 0.013589586916030535, -0.013323124427480917
-212.6401736570294, -109.55178739261657, -297.87592802180296
-1.0560923099911341, 2.7842205760447545, 9.536891228449692
0.013335875102133387, -0.00023014919198985524, 0.01632061866749237
178.95385211176512, 0.2090873844314197, 106.47920915664008
-0.316034619140625, 0.22026655273437498, -10.002974536132811
0.0159877493129771, -0.06928024702290077, -0.006661562213740459
-184.4209128331004, -89.28960647956262, -304.92000379756144
0.3373687266883851, -0.4231403926763991, 9.995750564895493
-0.07094482473958483, -0.0044471635422543955, 0.0068404492450658775
-165.62086907704068, -6.263980675280148, 111.13710048061603
-0.201112939453125, 0.2753331909179687, -9.976638317871092
0.013323124427480917, 0.010924962030534353, 0.00639509972519084
-210.67760142661476, -112.88624113139443, -287.9855772738094
-0.7611811742847838, 2.386170295017657, 9.66314449075145
0.006051215467334961, 0.014420871384360058, -0.009652927030570744
174.38561408299492, 2.73635113470743, 116.23831007230811
-0.3232172241210937, 0.3232172241210937, -10.031704956054687
0.018119449221374047, -0.0013323124427480919, -0.006928024702290077
-197.67894444651625, -115.91872485510956, -287.9386844871003
0.9112319974712757, -1.1246015224139336, 9.93725166914062
-0.008864504908342612, 0.014868301230729616, 0.008856703339778827
-167.77392408834328, -4.48100437835016, 121.76924083095273
-0.2346317626953125, 0.34715924072265625, -9.991003527832031
0.0018652374198473284, 0.012257274473282443, -0.0005329249770992366
-191.46927204274044, -92.62856606490647, -298.28808160260127
-0.36318290896605104, 2.0999304195091, 9.770062103359018
0.009368299254353743, 0.00812557419097296, -0.00046250440523911795
172.61924816658546, 2.899217109443646, 123.71006060065255
-0.33758243408203126, 0.28730419921875, -10.01733974609375
0.0018652374198473284, -0.009059724610687023, 0.014655436870229008
-206.65262011780055, -109.80623809189468, -283.69686869623484
0.9324752220830594, -1.4027980836177252, 9.884647120062438
-0.009301871957586024, -0.0016230770179606572, -0.014532045609259464
-167.38414705419206, -4.3346015393336375, 127.07762619379727
-0.430956298828125, 0.239420166015625, -10.070012182617187
0.021583461572519086, -0.06501684720610687, -0.018119449221374047
-188.53025265401791, -100.97809562378077, -298.10622391955695
-0.31155426797985974, 2.005911853934377, 9.875598325053637
-0.06606819071570161, -0.018572971669093497, 0.017646233963464784
172.76813490683048, 3.0790387050647205, 127.6948763463979
-0.22266075439453123, 0.12210428466796874, -10.041281762695311
0.03890352332824428, 0.035173048488549616, 0.04689739798473283
-202.68262545816594, -115.89002148538495, -291.20428907194264
0.7717821533137542, -1.361365382270614, 9.92183769820394
0.0015190020637731753, 0.05779681339947044, -0.040090078556478025
-169.1987310467722, -3.0416188240318713, 130.20430415781118
0.28012159423828126, -0.0526724365234375, -9.516951599121093
-0.07567534674809161, -0.07887289661068704, 0.003730474839694657
-179.48052077470288, -99.52890084116376, -313.4271232026387
-0.7257218800016334, 1.955548662325016, 9.289928278264972
-0.01117541565062604, -0.1075958618104156, 0.01611983170021682
172.3958459250695, 1.8812149594661263, 130.6010219868643
-0.565031591796875, -0.5027823486328125, -9.97903251953125
-0.0061286372366412215, -0.15294946842748094, 0.0538254226870229
-175.3751873679159, -82.26173324450494, -287.6355866147848
0.31356747992470363, -2.069417347057959, 9.786333741239195
-0.11384643938690882, -0.09664296043639639, -0.06346182042043891
-169.9846761119482, -3.3368062285955187, 132.80053996188173
-0.5889736083984375, -0.47165772705078124, -10.043675964355469
-0.0021316999083969466, -0.021583461572519086, 0.008260337145038169
-197.4985463014456, -94.795393970478, -297.138982753295
-0.53057657986248, 1.0031558535145029, 10.007844154777258
-0.01388272389164244, -0.017561390099990495, -0.006122963563989335
170.02313888461367, 2.800172438297222, 133.06134594660978
-0.42377369384765623, -0.5291185668945312, -10.012551342773437
-0.018385911709923666, 0.029044411251908403, -0.02424808645801527
-180.29430066834928, -76.43728795964489, -317.21481301326736
0.39201543480014744, -2.394176431786439, 9.73781177192601
0.034918328387819754, 0.0023909325480869032, 0.023336303379099158
-171.8885493602306, -2.4987891773028346, 135.38406516436612
-0.51714755859375, -0.3854664672851562, -10.005368737792969
0.032508423603053435, -0.023182236503816796, -0.030110261206106874
-205.64655175910653, -110.68090560317025, -291.3159318648991
-0.33892066647152025, 0.7797780558352726, 9.990020447398589
-0.04069783359531567, 0.010269139105157536, 0.027185890587975263
168.44059441757182, 3.3504314669003006, 135.47280037755394
-0.411802685546875, -0.2346317626953125, -9.981426721191406
-0.015721286824427482, 0.004263399816793893, 0.003996937328244275
-197.47363938922763, -91.65498029381844, -297.2091976433829
0.7121677493488003, -2.441985651585887, 9.663489849978582
0.013939823040950584, -0.006857285844374737, -0.006322176037978447
-173.16058780217026, -1.7797698267190019, 137.28965570181975
-0.3399766357421875, -0.22026655273437498, -10.058041174316406
0.01119142451908397, 0.029310873740458016, -0.008526799633587786
-187.43532069416528, -89.43153820859364, -299.4569973993658
-0.21202250751470952, 0.8079143155802808, 10.031481179084963
0.01138752235572322, 0.0299792331326658, 0.0053527123556151475
167.50691345988633, 3.3547304585216415, 136.95457694952364
-0.4261678955078125, -0.04548983154296875, -10.127473022460936
-0.01971822415267176, -0.002398162396946565, -0.018385911709923666
-188.3931600372627, -85.1121924969445, -306.09797249407075
0.8725539511256577, -2.4999521016509005, 9.78459438670994
0.013827409155617795, -0.018660413033159004, 0.013899389824639478
-174.00471127200282, -1.6849164089208095, 138.2006834839774
-0.44532150878906246, -0.22744915771484372, -9.993397729492187
0.005862174748091604, 0.01119142451908397, -0.030376723694656493
-187.49702483857823, -96.80598004752461, -297.1101129060919
-0.11353505721742646, 0.5800538135924771, 9.98842779968271
0.0021946855956639904, 0.01536416526976652, 0.029008347051573055
166.4664619661471, 3.7274010729585987, 137.3904501584488
-0.39743747558593745, -0.201112939453125, -10.036493359375
0.0002664624885496183, 0.003996937328244275, -0.01918529917557252
-185.4202636965611, -90.20428356234613, -311.4439540754533
0.8084916374383577, -2.7468375740706694, 9.629684653614564
0.0037517273662760827, -0.0014065715325852672, 0.019185106541606593
-174.94510703045216, -1.3400009555229038, 138.39158777479855
-0.39264907226562495, -0.031124621582031248, -9.974244116210937
-0.008260337145038169, 0.004263399816793893, -0.0026646248854961837
-187.4754967431517, -96.52512048717323, -310.20841140450545
0.03959078638578517, 0.5962533990482417, 9.964115724917336
0.008942533722082117, -0.0020352037530872377, 0.003065780461935397
163.97240124878792, 3.561344694665469, 138.7318806975421
0.35673604736328124, -1.1037269653320312, -10.144232434082031
0.20917305351145038, 0.26939357592366414, -1.302735106519084
-192.039155638951, -41.015775496462474, -314.71447904756644
-0.3640793841180805, -3.3836990245554395, 9.626471451755004
0.10134926446512522, -0.03142203435514779, 1.342455215331556
178.228444622225, 1.238248438250398, 141.67986733463627
0.0430956298828125, -0.59376201171875, -9.888052856445311
-0.4471240557862596, 0.04343338563358779, -0.5672986381221374
-97.16748457137663, 175.30445805946863, -315.33664474034975
-0.18820298993466542, -0.74479136708294, 9.876126027235069
0.3898970955725332, -0.26033047759096967, 0.551219033023119
-163.19105761184042, -0.1651934995913467, 145.9680610496629
0.10295067138671875, -0.277727392578125, -10.098742602539062
-0.07887289661068704, -0.1540153183816794, -0.06554977218320611
-69.0929509325871, 177.7241515447264, -319.79978638920824
-0.26986473695112706, 2.7549827270741396, 9.716459061558284
-0.021020341810341476, -0.145500424063907, 0.11236634984122279
-176.3502494671844, 0.06730383849157894, 152.38693694142685
0.4908113403320312, -0.8451531860351562, -10.031704956054687
0.014921899358778627, 0.18812251691603055, -0.18119449221374045
-72.23322882611849, 163.7397109165443, -303.1172667186206
-0.8148492371598338, 0.11830965400809712, 10.045511811324728
0.07418495301879853, 0.18478790626754918, 0.16968857033620463
-164.3512091478903, 0.11402800739862085, 160.09714660005514
0.5865794067382812, -0.7900865478515624, -10.184933862304687
0.008526799633587786, -0.016787136778625956, -0.0053292497709923675
-69.19524952421253, 168.88161580638183, -297.78204918495135
-0.8002387069876407, 2.2246447104308573, 9.955489131992302
-0.013721654795017859, -0.010959349235485707, 0.008632730179861613
-176.0573718064955, -0.00010167933422878789, 169.27081086930562
0.6392518432617187, -0.7565677246093749, -10.09395419921875
0.010924962030534353, -0.0018652374198473284, 0.020251149129770992
-63.03180292896826, 185.9377571699909, -310.17406627001213
-0.7689424876418676, 0.07117927094491594, 10.1129921377922
-0.011081182790140727, -0.001191657150407557, -0.020217079123469144
-163.31457644667512, -1.1981471762939833, 179.0804510219522
0.8499415893554687, -0.7541735229492187, -10.062829577636718
0.05702297254961833, 0.05702297254961833, 0.002398162396946565
-57.19101992029342, 163.12170544246146, -317.31059524782245
-1.0721616691224343, 2.1741408278722227, 9.832359764188746
-0.05603808588749919, 0.05446640924053468, -0.02005325844293245
178.80610871416087, -1.110292881266779, 186.87511256615122
0.6488286499023437, -0.4261678955078125, -9.749189160156249
0.03890352332824428, 0.008793262122137404, 0.03677182341984733
-74.11231947923129, 179.42517469169698, -303.4647531531554
-0.7819477132986657, -0.70351801464125, 9.723317702787767
-0.03895640871598023, 0.004854225808821339, -0.03744071708008232
-165.16908697536496, -2.0239332314783978, 195.4350062532582
0.842758984375, -0.8116343627929687, -10.223241088867187
-0.07354364683969467, 0.09459418343511453, -0.04902909789312977
-60.108052677014115, 173.63505900919668, -320.81383748219537
-0.9570323605010986, 1.636671561196461, 10.11380475723345
0.04395529012880257, 0.12002124009163147, 0.020577034942179474
175.99345521410763, -2.518054751041593, 201.4352874506752
0.6775590698242188, -0.411802685546875, -9.72285294189453
-0.03064318618320611, -0.010924962030534353, 0.11537825754198475
-70.19460038767318, 167.96693872359828, -304.3059994628432
-0.9069016828581518, -1.3066006013413167, 9.624596681463352
0.037553808720892715, 0.008980677471298076, -0.11348815291017356
-165.6484185720368, -1.2221387726350488, 207.3013501532529
0.6584054565429687, -0.4213794921875, -10.000580334472655
0.010125574564885496, 0.0740765718167939, 0.00985911207633588
-63.147367450296926, 170.35271360350603, -315.2806161939119
-0.6049995114640536, 1.8208992309703969, 9.845860400679191
-0.04275433014888472, 0.05660091932475603, -0.025602168432460166
174.64189300373988, -3.4026332607336425, 210.38391983863735
0.22505495605468748, -0.63206923828125, -10.053252770996092
0.01119142451908397, -0.055157735129771, 0.12816845699236643
-63.05403889843255, 179.07822452503754, -331.84072902382985
-0.47135409107848436, -1.5940264031663025, 9.937552901977384
0.02581890200586965, -0.041163814476357335, -0.13127719441008687
-166.05682657648333, -1.7719653356832215, 214.6988689050078
0.6703764648437499, -0.5674257934570313, -10.065223779296874
0.021583461572519086, 0.06901378453435116, -0.10098928316030535
-72.25454772243202, 160.6461071666099, -305.2301015782683
-0.539263606006199, 1.599308207190061, 9.961501612943287
-0.06012745928029071, 0.06704130990379172, 0.08554376066855683
175.08615741347353, -4.453575989385852, 216.01207101026003
0.09576806640624999, -0.6105214233398437, -10.134655627441406
0.07167840941984734, -0.3290811733587787, 0.28991118754198475
-94.33347485538245, 154.32305890386814, -311.59935287235066
-0.5063258859627385, -1.4154937398442753, 10.041571798647638
0.15760781042912572, -0.28334516276882454, -0.30390131050293073
-165.8302315594162, -1.5650658256380148, 219.31670097908537
0.6751648681640625, -0.5339069702148437, -9.911994873046874
0.04849617291603054, 0.05995405992366413, -0.12337213219847329
-70.10260730718562, 178.55200912927668, -309.99767347080837
-0.4547074490758241, 1.6090135257361236, 9.807796043205
-0.07884800154323864, 0.04486484462982339, 0.11374176656360081
175.46926939606837, -4.855042331518225, 219.97465360733136
0.5434837768554687, -0.6344634399414062, -10.034099157714843
0.00159877493129771, -0.011457887007633588, 0.021583461572519086
-66.1716624242736, 166.32782816264293, -323.9138133155472
-0.8580822263817363, -1.622485684599025, 9.900116134430952
0.007940620016348404, -0.0081191716444707, -0.021695867693564193
-164.9100782662383, 0.27327395024547907, 222.48129182605444
0.5291185668945312, -0.40462008056640625, -9.94072529296875
0.005062787282442748, 0.05062787282442748, -0.08793262122137405
-66.22932001620676, 160.88316069794672, -313.973064624924
-0.06955014363647742, 1.9548961007055783, 9.769096541168226
-0.03750547324762299, 0.05568796675666695, 0.07624400980821708
174.97744172565672, -4.6304537248978335, 222.51613970268727
0.39743747558593745, -0.584185205078125, -10.115502014160155
-0.0010658499541984733, -0.05249311024427481, 0.040502298259541984
-63.156337490057986, 170.23568878669295, -309.8229918195729
-0.7150988095066406, -1.5799189058181058, 9.990750714685616
0.03941170483030877, -0.034547845353536985, -0.04062342584450579
-165.18782079359386, 0.9271437940637458, 224.6907991149073
0.5003881469726562, -0.3495534423828125, -9.981426721191406
-0.016254211801526718, 0.009059724610687023, 0.0005329249770992366
-73.31560273030566, 152.35698824489546, -309.40716736288636
0.051625898870269415, 1.9714221444734772, 9.80368730591055
0.005174491012818159, 0.01712037158400832, -0.005165224092460968
176.9220087199712, -4.733706164987971, 224.25297878044677
0.49799394531249996, -0.6536170532226562, -10.019733947753906
0.004529862305343512, 0.018385911709923666, 0.0061286372366412215
-74.35913605688313, 149.9274073359732, -294.07721518005974
-0.7277995252955418, -1.3511181635717002, 9.935545740655098
-0.015514187833870178, 0.010392882457706172, -0.006886186634453312
-164.6100349294612, -0.11006193898537922, 226.42008416220028
0.49799394531249996, -0.4429273071289062, -9.995791931152343
0.01971822415267176, 0.033041348580152674, -0.031709036137404584
-52.02846885899961, 183.935473397017, -310.14699043076126
-0.04163867319388084, 2.010531865737221, 9.814074930303342
-0.03758950917399108, 0.016584890878919456, 0.028248402558130083
177.29700120561256, -4.7993985998707975, 226.19222348237358
0.32561142578124996, -0.622492431640625, -10.050858569335936
-0.010125574564885496, -0.05435834766412214, 0.05862174748091603
-72.17715604302454, 166.34822922829488, -327.17762389243734
-0.6178836717568328, -1.1383637536143065, 9.991777886916633
0.05098053163702407, -0.027715666924057348, -0.05591684629626402
-163.71987800760724, 3.579086963984674, 226.80618893943546
0.5578489868164063, -0.5722141967773438, -9.969455712890625
-0.0010658499541984733, -0.002398162396946565, 0.026646248854961835
-91.30313012186078, 157.4883794927457, -311.67494978629514
0.6576251777977377, 2.0223589085261544, 9.772730701344662
0.0008096451151926626, -0.008328391420223222, -0.025434074942614782
178.30876179616882, -3.1864138280695746, 225.6554538060114
0.45968671875, -0.4955997436523437, -10.007762939453125
-0.03064318618320611, 0.034906586, -0.0013323124427480919
-63.172942098203286, 168.1420796689199, -309.7761818928477
-0.5232102060393763, -0.9698214204939704, 9.969851931209517
-0.0036132899795438883, 0.046259548957983995, 0.002499585526990542
-161.99075680395455, 0.9766000628963789, 226.77505606369817
0.469263525390625, -0.5195417602539062, -10.12507882080078
0.0159877493129771, 0.013856049404580155, -0.032774886091603055
-80.26904857924215, 160.5796887340287, -305.2157495146506
0.22975704682075118, 2.4660499110292617, 9.842416500031232
-0.020484261011688192, 0.008188008057315229, 0.032173637754731636
-179.89612326308182, -3.579489708187515, 225.18239016900324
0.3806780639648437, -0.3902548706054687, -10.029310754394531
0.0010658499541984733, 0.0026646248854961837, -0.0010658499541984733
-76.16396450991756, 173.15114769359508, -304.41226023194304
-0.6176719485283512, -0.5269581598793862, 10.01124794031028
-0.002702820852287846, 0.001123729584878845, 0.0008968217719487785
-162.69435706050407, 1.5990029728926023, 226.58119462427186
0.45968671875, -0.603338818359375, -10.067617980957031
0.013323124427480917, -0.008526799633587786, -0.00319754986259542
-63.118872522174556, 173.5399372068909, -317.53388083373534
0.4031616637089889, 2.2779258972482355, 9.827551867031024
-0.002873516362795094, -0.013859148116398505, 0.007752625286040347
179.84174977196628, -4.015397229770013, 226.99657670387091
0.39743747558593745, -0.4477157104492187, -10.065223779296874
0.009059724610687023, -0.017586524244274808, 0.02078407410687023
-73.304380146017, 154.38038247258066, -306.1794026650081
-0.6485998572188096, -0.6237524881255256, 10.042777837355528
0.008121132326463516, -0.01856420008158198, -0.020316492476874257
-162.91989932510072, 5.405267456747045, 229.36523084869827
0.45010991210937495, -0.430956298828125, -10.031704956054687
0.004263399816793893, 0.018119449221374047, -0.011990811984732825
-57.12752176792824, 170.519552244755, -320.74900461596417
0.978749425293747, 2.3375674635306063, 9.72631762311622
-0.015323871735225763, 0.012150277342080407, 0.010383655699698421
-179.54788125585307, -2.631894744736237, 229.5989344133099
0.584185205078125, -0.46208092041015625, -10.070012182617187
-0.010125574564885496, 0.045298623053435114, -0.04076876074809161
-66.10883200759682, 174.65545470701, -321.91800327271255
-0.4891210268472616, -0.6649718442403743, 10.063722450284551
-0.02977595960753765, 0.037380557968661965, 0.0391493356156038
174.96909558858908, 3.441860241185287, 228.8092936352395
0.4429273071289062, -0.22026655273437498, -9.890447058105469
-0.005862174748091604, -0.03543951097709924, 0.04103522323664122
-77.32172688644687, 153.27696373404098, -305.057296794969
0.4680646753299104, -1.3429520685245189, 9.800155109190625
0.028010994206768437, -0.015102230746697282, -0.04428905516237591
-169.3344036542876, -1.7848369827995412, 227.12406135584524
0.5889736083984375, -0.4525041137695312, -9.923965881347655
-0.0053292497709923675, 0.011990811984732825, -0.04876263540458016
-52.02646565193437, 181.14613417079667, -326.44964866369037
-0.3781981215947406, 1.1086729963549389, 9.882538088289675
-0.006677388382853957, 0.02084640657301043, 0.04550620731452055
171.71775294152513, -3.0884172007913366, 225.52194365544565
0.8499415893554687, -0.17238251953125, -9.952696301269532
-0.010658499541984735, -0.19558346659541986, -0.06075344738931299
-65.13505579204255, 173.35949785520728, -309.88961869375635
-1.0080361880656916, -2.147574585052189, 9.704641495122226
0.14353347149070816, -0.13795773088166233, 0.049226867049032466
155.2367566917355, 0.3588199274799415, 221.63814505744432
-4.082113830566406, -0.1149216796875, -9.191340173339842
0.07887289661068704, -0.5840857749007634, 0.3104287991603054
-236.80439214842465, 142.85048825872533, -221.6523242970762
3.184648502631812, -1.4568319423492322, 9.42832164845104
0.32718390336415093, -0.3130765425282065, -0.48854573737499407
139.17854926507204, 2.654311027483851, 218.33454095318035
-7.398083129882812, -0.8643067993164062, -6.224924316406249
0.15881164317557253, -0.25500460154198473, 0.19664931654961834
-323.22290939419406, 132.14069237293356, -96.9003691347186
6.620638081124732, -0.9135542123345348, 7.039951213245294
0.024452002718937084, -0.09648278514607575, -0.34498204337129357
144.51033998294733, 13.366476071667657, 219.95335327478182
-7.311891870117187, -0.19632453613281248, -6.672640026855468
-0.15667994326717558, 0.21503522825954202, -0.08473507135877863
-318.128820110896, 139.86091025594183, -113.44604704103496
7.118454554283673, 0.7008625049115782, 6.84564295589351
0.0020939828704433297, 0.16586309861502793, 0.22461930924694745
133.8081084048558, 3.757360051119293, 218.22939716652667
-7.235277416992187, -0.19871873779296872, -7.098807922363281
-0.06128637236641222, 0.017320061755725192, 0.05196018526717557
-310.05891420668036, 143.46562674234698, -132.0865368674931
6.259278690787445, -1.8460183278108575, 7.758572611030682
0.03393954887096035, 0.07485860094607552, -0.00040214038319085627
148.81164116537693, 7.715548603619809, 218.8084744715199
-6.713341455078124, -0.033518823242187495, -6.768408093261718
-0.023715161480916035, -0.02211638654961832, -0.022649311526717557
-287.95174148306995, 148.28018997138116, -152.95859751838037
6.113489338070328, 0.468796595254922, 7.29978787270497
0.03508868801439858, -0.011402979211821583, 0.014258007898557525
131.0136152113832, 5.579551356429471, 219.8311071744178
-7.156268762207031, 0.0909796630859375, -7.204152795410156
0.13989280648854965, -0.485228191648855, -0.3503981724427482
-308.23055445115426, 117.73340671885612, -151.15244854695248
6.11196291192117, -1.9573650719162785, 7.869746421212923
0.23647777931984162, -0.5515539554706462, -0.13289758696800846
145.8244816416323, 10.085956882008896, 222.36749027649762
-7.453149768066406, 0.7015010864257812, -6.53138212890625
0.23715161480916033, 0.04743032296183207, 0.10791730786259543
-290.92463782377155, 153.37228103678277, -147.61261593699783
6.099956304217556, 1.467088625224061, 7.703160507587485
-0.22287642991700005, -0.06392143580880388, -0.1279719356373099
128.95877805706974, 5.344359833127708, 220.9346033936894
-7.132326745605468, 0.3399766357421875, -7.242460021972656
-0.04183461070229008, 0.1422909688854962, -0.04689739798473283
-306.00927532311067, 144.99033482141385, -152.85609048515272
5.817539610883484, -2.133389277482025, 8.064972359241423
-0.05698837413563745, 0.04405079658566781, 0.13786976807940368
144.8199101989928, 7.4764592048190295, 222.15282124556393
-6.880935571289062, 0.06943184814453125, -7.173028173828125
0.03943644830534352, 0.017586524244274808, -0.0053292497709923675
-297.07485862766197, 135.55019467463848, -148.29549238698792
5.945010040382825, 0.09780457724955216, 7.965658678647761
-0.03999667101429912, -0.017096499156639685, 0.0009466876026770791
127.43538498633932, 7.359580660320739, 222.13449404842558
-6.9527616210937495, 0.1149216796875, -7.199364392089843
0.02211638654961832, -0.021849924061068705, -0.003996937328244275
-301.1911652812753, 120.95534148738687, -152.3267463675736
5.959244847963758, -2.2657464379944643, 7.716135219333599
-0.0012160209526285806, -0.02219332812072313, -0.022102188205270715
143.49758570270924, 8.003459022825982, 222.39579167425376
-6.8569935546875, -0.016759411621093748, -7.323862878417969
0.006928024702290077, 0.009059724610687023, -0.0002664624885496183
-289.02648081887287, 138.8740516006923, -153.83768371503243
6.045511285952815, -0.1874462866005917, 8.004640287347666
-0.011078448023116931, 0.0005366440572983655, 0.0026696705994741316
157.52395105536152, 13.307823265046705, 223.04502759628167
-6.902483386230468, 0.1292868896484375, -7.244854223632812
-0.0010658499541984733, -0.000799387465648855, 0.004263399816793893
-288.95109234653063, 147.36551288859764, -159.48254779627234
6.490760649599331, 2.1816947398261597, 7.29788592474153
0.00030765311254769313, 0.0018351077297939417, -0.004060709744038575
141.11051533597134, 6.687821105536945, 223.4035902778456
-7.1035963256835934, 0.10295067138671875, -7.146691955566406
0.011990811984732825, 0.0021316999083969466, 0.0053292497709923675
-297.01540702777663, 141.0182671026973, -159.32776595247896
5.887910609793417, -0.22665356251473767, 8.174840813156148
-0.01072786135553576, -0.0026286500697311308, -0.00739782462765907
147.84765940301926, 19.21737798275143, 225.35587523550257
-7.012616662597656, 0.07900865478515624, -7.175422375488281
0.022649311526717557, -0.0053292497709923675, 0.005595712259541985
-302.1290211994359, 130.2278504331174, -145.98644778067816
6.961912851445856, 1.5187427146321366, 7.063632996295602
-0.013290270628355088, -0.016125557170040793, -0.011663589671637952
139.05912206110162, 7.040791663947035, 225.00230263740158
-7.048529687499999, 0.16041151123046873, -7.129932543945312
-0.0159877493129771, -0.005062787282442748, -0.00799387465648855
-278.8984215878505, 149.7761946807233, -170.46254655119765
5.7076612395629756, -0.3949472317409519, 8.234686426831635
0.01575228026042211, 0.0018327314574413155, 0.009677227763545444
121.05656437085686, 11.57738096619255, 227.64026631638512
-8.142679846191406, -0.05985504150390625, -5.2816088623046875
-0.015454824335877864, -1.2137366353435117, -0.08846554619847329
-313.0317704090326, 156.06617063442408, -86.54137462290291
6.478079163042226, -0.3984359132157884, 7.216505321716225
0.9065737250264875, -0.3342563255486268, -0.740012442028352
101.57639868162391, 8.96663727047904, 229.58106091043618
-9.871293444824218, -0.1388636962890625, -1.8818425048828125
0.11564472003053436, 0.000799387465648855, 0.0130566619389313
-346.46461117502014, 133.09431237766873, 44.94550692754563
6.719781253450052, 0.6624101499608077, 7.443708841173892
-0.07670058904226612, -0.01647088852865712, -0.08596828591925283
107.00907461395992, 19.03466100288119, 236.3113754879088
-9.83777462158203, 0.16280571289062498, -1.4125789794921875
-0.05595712259541985, 0.01918529917557252, -0.02211638654961832
-344.60546380849473, 119.96413819511031, 72.51090034368757
5.491079768421209, 2.8035704603862754, 7.796905169936418
0.021463621546988193, 0.0014416676563034393, 0.0593771367790974
96.87773092275887, 9.408269472635224, 238.55107568080922
-9.713276135253906, -0.0047884033203125, -1.4604630126953124
-0.007727412167938932, 0.06848085955725192, -0.06075344738931299
-338.44043240441124, 139.85642871166502, 74.23849174182018
5.242388585032863, 0.38468635947433083, 8.297595238881081
-0.04372683316661561, -0.06326391421107742, 0.05025896550976445
110.78248669470123, 14.233202352819715, 243.49481314262852
-9.789890588378906, 0.07900865478515624, -1.438915197753906
-0.0061286372366412215, 0.015454824335877864, 0.0026646248854961837
-323.32058248171626, 149.63625393635962, 63.08568820359549
4.520156075807051, 2.805134613514163, 8.343745315905643
-0.0114099034599891, 0.004257540220945693, 0.011627530679914459
94.40696698973706, 8.433045671510026, 245.21631502374058
-9.935936889648437, -0.16998831787109375, -1.5298948608398437
0.05409188517557253, -0.029577336229007635, 0.08153752149618322
-322.3899025953645, 140.27012513717878, 61.11148911617121
4.497075455246064, -0.1896090469483256, 8.990699469321186
-0.007824743317429984, 0.07630207297809445, -0.0675713350708236
109.35836759354841, 12.229313712207963, 245.93733679118083
-9.801861596679688, -0.19871873779296872, -1.70467158203125
0.04343338563358779, 0.018119449221374047, -0.007460949679389314
-335.476964640046, 132.7643483819408, 64.57322058769168
4.444300020460327, 2.2030492507538817, 8.626508936220267
-0.03189648179925306, -0.024422151175468983, -0.02562444494213951
89.68523243165656, 9.133261436185157, 244.3829205450999
-9.842563024902343, -0.08858546142578125, -1.446097802734375
0.011990811984732825, 0.005862174748091604, 0.005062787282442748
-322.3560256433855, 143.52756363065149, 55.58364985174437
4.509931373983109, -0.788143061612019, 8.832578482788572
-0.011141106029355181, 0.003382072578837866, -0.008259165902909198
105.42018798416144, 12.148561552853556, 244.78241471484225
-9.730035546875, -0.0430956298828125, -1.3934253662109375
-0.007460949679389314, 0.005595712259541985, -0.003996937328244275
-325.3917524007638, 140.29202815168605, 58.93382139029225
4.384068725579819, 1.8714671162386396, 8.596198896616835
-0.0010003028107261741, -0.0017202128300600832, 0.009949549533623642
87.58355299742246, 7.827592260928441, 244.9591004750183
-9.804255798339844, -0.028730419921875, -1.467645617675781
0.0159877493129771, 0.0021316999083969466, 0.012257274473282443
-338.4606250284609, 137.71600966716673, 76.468351418281
4.3368030345235615, -1.2584703513007507, 8.825340371341857
-0.010286691673611032, 0.01152134509490902, -0.01310860906898661
103.51426966462336, 10.968850690985889, 245.11338522804385
-9.832986218261718, -0.0430956298828125, -1.4532804077148436
-0.005862174748091604, -0.00985911207633588, 0.000799387465648855
-331.3012063865474, 152.82727399725113, 57.572201002786336
4.377261393583335, 1.4657921317638676, 8.802984452104397
0.01104999552978159, 0.0031472386395543428, 0.0004457485486845155
85.67308220968921, 13.752415435598902, 249.09949741478584
-9.794678991699218, -0.21308394775390624, -1.3766659545898436
0.027978561297709925, -0.02078407410687023, 0.021583461572519086
-318.3191540145942, 147.70118115576292, 57.66590371622066
3.914669503723666, -1.1425215512710876, 9.013676145238865
0.004033806879122615, 0.025673000174394636, -0.031705660477735986
101.35593858881255, 11.807206786524807, 249.50701776414098
-9.739612353515625, 0.016759411621093748, -1.4867992309570313
-0.025047473923664125, 0.010392037053435116, -0.0005329249770992366
-326.38413643152865, 142.28371511193598, 63.25490497099043
3.6264827106128035, 1.0515985459215453, 9.100201386543517
-0.0008359674075234655, 0.0046310688307260066, 0.026711584623276385
89.28055480006111, 5.275460789592732, 248.37887844543002
-9.883264453125, -0.11013327636718749, -1.5251064575195312
0.017586524244274808, -0.009326187099236643, 0.011457887007633588
-333.2839712410117, 154.0213086915307, 49.91170993125355
3.86840939031753, -1.2891677793855931, 9.131837193097153
0.0011271829151880885, 0.011858224887551757, -0.01963819586102777
103.15312408846646, 9.23702541981059, 247.87170820159727
-9.670180505371093, -0.033518823242187495, -1.429338391113281
-0.0130566619389313, 0.025047473923664125, -0.011457887007633588
-322.3703777070032, 143.34032392375056, 64.31584885068676
3.855429313080647, 1.235961185755109, 8.89744837093345
-0.01620803282365758, -0.008971387431723946, 0.024206392237609765
83.97003897357449, 10.127578662173798, 250.15580290214467
-9.928754284667969, 0.00239420166015625, -1.455674609375
0.0021316999083969466, -0.002398162396946565, 0.00959264958778626
-342.4990814660914, 130.70624298910968, 60.266489070611186
3.5716842571575675, -1.8172274828335337, 9.199995205906387
-0.000178526603563047, 0.009955007253613996, -0.0017833149828218597
100.76242646226032, 11.645851913940879, 247.39383887537088
-9.682151513671874, -0.00239420166015625, -1.4987702392578124
0.0018652374198473284, 0.022915774015267176, 0.004263399816793893
-325.35382889630495, 145.4792410193935, 60.99984632321476
3.949859672548414, 0.9653429913081388, 8.913871065496352
-0.02228247530106449, 0.0010880652092443207, 0.007006839223709524
87.43818965463558, 5.890981447273657, 245.63081519913243
-9.519345800781249, -0.15562310791015624, -1.3742717529296875
-0.004529862305343512, 0.23288821499236645, -0.06874732204580153
-343.5235484408829, 129.46389641924955, 69.02388704086842
4.18913704846187, -1.3330890903843138, 8.555979788649
-0.20210372954671613, -0.09435514717260603, 0.0960979881612976
101.04939788890394, 1.3400372414269, 243.14688015789474
-1.838746875, -3.289633081054687, -11.595118640136718
-1.0093599066259542, 2.6883400469770993, -2.776006205709924
-2.3121837407221357, 278.86952849857886, -229.43226295982765
4.035607205088946, -11.261017032247768, 2.3564426669871326
-1.877065866529422, -2.363062856627136, 2.616246882800655
105.3858243626718, -1.8376513670556311, 239.37618657999684
2.636016027832031, -2.454056701660156, -9.382876306152344
-0.6541654093893131, 0.030110261206106874, -0.1276355320152672
197.76292665466644, 249.56412805797117, -200.73267386619142
0.4677245972242726, -9.999238783196287, -0.8976636498601067
0.3030694713144353, 0.020924745465446454, 0.5940041163902845
110.20823227092438, -4.143421541406827, 233.94486117256187
0.8858546142578124, -0.9241618408203125, -9.560047229003906
-0.05888820996946566, -0.24194793960305347, -0.40528944508396947
195.6633356253247, 96.33731336416294, -276.9482611459214
-0.4655775360898923, -9.398701497604147, 2.1168288176509593
0.20037715042359183, -0.42770502217256046, 0.05642315698836248
116.92388378584792, -7.611710377668599, 230.6700602995044
0.9050082275390624, -0.9457096557617187, -10.098742602539062
-0.15161715598473283, 0.09406125845801527, -0.02531393641221374
191.85846997399221, 119.59125904036476, -289.4627679316358
-1.181126473440399, -9.531821305132208, 3.3833905565301965
0.019776781189672236, 0.05497057214319763, 0.1704793032374056
125.73691947897994, -12.174796348191604, 230.15864184013063
0.7015010864257812, -1.0414777221679687, -9.991003527832031
-0.05542419761832062, 0.003730474839694657, 0.022915774015267176
190.78911266204597, 110.25533555976386, -293.6164287528913
-1.764686130496365, -8.691630979437397, 4.768476160294685
0.03674257119750063, 0.03884566790965142, 0.02742058295027153
137.5900756504551, -17.326395472669873, 234.3944819439238
0.5889736083984375, -0.9816226806640624, -9.97184991455078
-0.023182236503816796, -0.0130566619389313, -0.004263399816793893
196.90207769716596, 121.9604293121273, -300.4337966468001
-2.5352168363937517, -7.2871013745322095, 6.420209721392815
0.021748543846134324, 0.0007158001218319533, 0.01589205962305168
152.98387141060795, -22.329020327067795, 241.59957928979384
0.6488286499023437, -1.1659762084960936, -9.945513696289062
0.00639509972519084, 0.009059724610687023, -0.015721286824427482
196.87650304925958, 119.74979537754109, -294.92936234573585
-3.1152698744657408, -5.305179687810579, 7.927413443745355
-0.01615831645542467, -0.005878223503622185, 0.008630762868968037
171.27066065854854, -25.00112498131302, 251.16781078646608
0.2442085693359375, -0.93852705078125, -10.117896215820313
-0.04743032296183207, -0.23422052743511454, -0.04902909789312977
181.739799180957, 103.18065239798095, -308.71779618593223
-3.542578230387566, -1.971502850867418, 9.320708700259976
0.19406484097158114, -0.05230372340746572, 0.13826026712273953
-171.3056318209566, -21.786866377225127, 262.5326163668101
-0.086191259765625, -1.0486603271484374, -9.701305126953125
0.04822971042748092, 0.0021316999083969466, -0.11884226989312979
160.62029619994317, 95.37440757653562, -294.3264639021161
-2.624789312824965, 1.3704583987205463, 9.298105367326087
-0.05189184908219908, -0.03078611718579004, 0.11319710779530855
-167.15033518895183, -2.463308321098489, 274.10412334989223
0.17956512451171874, -1.0271125122070313, -9.909600671386718
-0.0034640123511450386, 0.06608269716030535, -0.0871332337557252
165.58784771508627, 90.1818963024662, -294.21840912506406
0.6104607662442818, 2.1087608077538906, 9.71945753226891
-0.06984496878644564, 0.017485136565232165, 0.08238369380402276
179.16553326845698, -14.38017557325185, 284.37208467970794
0.11013327636718749, -1.16837041015625, -9.689334118652344
-0.039969373282442745, 0.08660030877862597, -0.017586524244274808
183.7344543553985, 103.08023218931315, -303.26375982749767
-1.2835665891466923, 0.04242076337025891, 9.675281479462695
-0.09523971179786786, 0.017312133853786434, -0.006011441942389888
-178.0286256615385, 4.651276339633718, 294.51958059724046
-0.8690952026367187, 0.5099649536132812, -9.440337145996093
-0.37944258369465655, 0.018385911709923666, -0.2153016907480916
179.83400760767407, 115.70229753311138, -307.9035428555115
-0.05641247273102723, 0.9047196851171304, 9.450590250323815
-0.15616542021206567, 0.34526218133430453, 0.21696986375885285
-171.4750593054868, -22.770534707300452, 302.8268877704792
-0.3447650390625, -0.6919242797851562, -10.443507641601562
-0.2440796395114504, -0.10205513311450383, 0.1494854560763359
160.54624319897778, 85.02338680448338, -299.5500386428289
-3.67828500980402, 2.1075813892718123, 9.575635439779038
0.014927666110464456, 0.23444622461879625, -0.1927385657928798
176.1217014042881, 5.550657678773912, 307.8902580832294
-0.086191259765625, -0.10295067138671875, -10.002974536132811
-0.08766615873282443, 0.07620827172519085, -0.07993874656488549
174.56890861729246, 81.35028520311876, -318.03745777346205
0.9957258719825591, -0.5422697122745681, 9.939416526714966
-0.10571635775767949, 0.016203277688628573, 0.09189540120849245
-165.6727920691914, -13.736091615016553, 313.1380134552911
-0.031124621582031248, 0.05985504150390625, -9.993397729492187
-0.07967228407633588, 0.05862174748091603, 0.12656968206106872
162.33534397866822, 55.96351339743197, -309.81353643325804
-2.436033870480822, 2.3807655045337675, 9.39522453921001
-0.06441791580657663, -0.018646621030115447, -0.1459681547187356
175.37127836887146, 0.5515776402929037, 316.8275321088555
-0.05985504150390625, -0.09576806640624999, -10.168174450683592
0.11937519487022902, -0.012523736961832063, -0.08633384629007634
160.35370539646766, 58.110732797147556, -313.1313329686823
0.11975699049669009, -0.7100676131245633, 10.14327304453991
0.09645540806052391, -0.07919840144233657, 0.07927661457131702
-166.29728904346663, -7.314802883350014, 319.90308784182264
0.18914193115234373, 0.23223756103515625, -10.026916552734374
0.007194487190839696, 0.031442573648854964, 0.017852986732824427
186.52132118971045, 72.09888671209966, -321.12291582322837
-1.2814907454746978, 2.064788246740389, 9.732584213648483
-0.01235505714986486, -0.032509046328011965, -0.012232730216594129
174.72500868949777, 4.1021372968312955, 321.02227109810974
0.14604630126953125, 0.3232172241210937, -9.97903251953125
-0.0871332337557252, 0.0005329249770992366, -0.05489127264122138
182.44114403260375, 62.66784142919285, -321.9966199960238
0.6243020806742913, -1.257350606633346, 9.886162313355461
-0.06397074952208916, 0.04868250663573457, 0.06436841616179284
-166.5236488030099, -10.32706552020122, 324.56765783936436
0.01915361328125, 0.5363011718749999, -10.043675964355469
0.015454824335877864, 0.01945176166412214, 0.015188361847328247
164.2927433843393, 49.746100578983274, -311.85974441872247
-2.0910249410536705, 1.8546190352338638, 9.661853632448988
0.004017072834072864, -0.027553272667732547, -0.00851993273678655
174.27370389299034, 4.367930776772688, 325.41752999274473
0.17956512451171874, 0.6009446166992187, -9.90241806640625
-0.031442573648854964, 0.015188361847328247, 0.039169985816793894
179.4280716429157, 60.66635021601493, -327.40205241978094
0.5614853796062973, -1.580332652381018, 9.77949612733071
-0.03739077498411572, 0.008949824665701378, -0.035713304897437154
-167.14284584640544, -9.689269164246856, 329.12466675019067
0.0526724365234375, 0.49320554199218747, -10.08677159423828
0.029044411251908403, -0.0261133238778626, -0.010924962030534353
190.3813826893354, 55.1959832793048, -312.0234134422931
-1.902577327136541, 1.7656655499980056, 9.759693231160988
0.0359435438225333, 0.011151516437935842, 0.015117659967760383
173.58144328047555, 4.523210071705516, 330.1411312621946
0.040701428222656245, 0.46686932373046874, -9.986215124511718
0.01971822415267176, 0.011457887007633588, -0.0026646248854961837
166.20504325374267, 38.247855039376745, -311.6058778376381
0.5910166703481305, -1.5371211691215996, 9.860632529991944
0.011570878229239495, -0.01982658163610724, -0.00046173783254003804
-167.68032486252812, -8.08648221738698, 333.59348659010277
0.076614453125, 0.5698199951171875, -10.022128149414062
-0.029843798717557254, 0.00639509972519084, 0.0013323124427480919
177.34905795637096, 52.158284319964295, -321.7536003226366
-1.5927511919172899, 1.5796697614513846, 9.784753667310328
-0.029092598287937838, 0.006201989786832729, -0.006962810235458679
173.59269228503814, 4.81488425331991, 334.07875292567667
0.201112939453125, 0.5195417602539062, -10.046070166015625
0.04023583577099237, 0.017586524244274808, -0.025047473923664125
174.41542059150498, 60.57802876892646, -325.21003263028433
0.79716726111707, -1.6692941598914603, 9.88998873614767
0.030502075528381394, -0.0357154530741776, 0.01869796955042188
-167.20132060399268, -10.265546271194692, 337.07149797259456
0.05985504150390625, 0.39264907226562495, -9.947907897949218
0.003730474839694657, 0.01119142451908397, 0.02531393641221374
165.1983071593602, 40.05230229272579, -298.5525952579975
-1.8690988978562078, 1.78920062782491, 9.613732776057828
0.003601762481492487, -0.017022756136439575, -0.021845202734783017
174.1237212352918, 3.4911498372343734, 336.89246941176503
0.1292868896484375, 0.35194764404296874, -9.95987890625
0.000799387465648855, -0.014388974381679392, 0.00985911207633588
187.4336024599648, 60.61574383178305, -321.95878010905966
0.5873256474477058, -1.390409776364135, 9.851983521544643
0.005770112229201959, 0.013900224342527131, -0.008852867507222986
-169.88983586515965, 3.193666333576972, 338.6766073674575
0.229843359375, 0.70868369140625, -9.995791931152343
-0.022915774015267176, 0.016787136778625956, -0.0026646248854961837
181.47074663384086, 66.82335239730376, -320.9969209666542
0.5133537592317937, 1.0201775389017773, 9.958243950727818
-0.027260275303620938, -0.006456116545667379, 0.0054071096940094
172.73366975504743, 8.150945269202602, 338.1147737771777
0.21068974609375, 0.5243301635742187, -9.974244116210937
-0.002398162396946565, 0.02717917383206107, 0.013589586916030535
181.38772359311437, 56.35530680843845, -320.76287133302804
1.4142248887816922, -1.8093530232627284, 9.722708860213379
-0.014158257310007577, -0.02265126941812254, -0.01468329967395318
-166.96740270379976, -9.724271903047148, 340.0451409470362
0.24660277099609373, 0.6536170532226562, -9.991003527832031
-0.029843798717557254, 0.008260337145038169, 0.016787136778625956
167.28337060545002, 47.70080333679079, -312.9098413907216
-1.6789442512192263, 1.5404433727685438, 9.752761664711688
-0.027592096020703994, -0.002548731925107908, -0.02174565831669053
174.35347810827494, 3.782653057853568, 339.2718290576033
0.229843359375, 0.55545478515625, -10.014945544433592
0.0018652374198473284, 0.00479632479389313, 0.015188361847328247
170.38438952314576, 58.35759058141235, -320.78994717227897
0.6790348648396767, -1.5810485167254211, 9.884315327136449
-0.0009551909208794262, -0.0036296158642278855, -0.015591140970086306
-168.01447825960554, -5.226432535743156, 341.4035608067312
0.25139117431640623, 0.6727706665039062, -10.01015714111328
-0.0010658499541984733, -0.023448698992366415, -0.002398162396946565
167.14089596483817, 31.764685319866675, -301.6435181916044
-0.8882251550021567, 1.3683959981120455, 9.902404372089935
0.006222257013609, 0.02269068915343369, -0.001773371602467854
173.72189647646135, 5.918067921204849, 341.42296858879916
0.24660277099609373, 0.5770026000976562, -10.024522351074218
-0.007727412167938932, 0.03357427355725191, 0.0053292497709923675
171.3000496101915, 49.734001817403964, -308.5977278497845
1.0832570609699248, -1.711570462670596, 9.837777898770705
-0.018474288599897457, -0.028810552508110876, -0.006633126844641439
-167.79443511601048, -2.1270407903151343, 342.70343371995904
0.22744915771484372, 0.6392518432617187, -9.955090502929687
-0.05888820996946566, 0.028777948763358784, 0.021849924061068705
175.4439341187764, 63.75014971302133, -326.37356640319217
-0.342402493784538, 1.440821621407082, 9.867674323137928
-0.06392579359776039, -0.014867397394326184, -0.021583887451628522
174.83205100263658, 5.120307167035463, 341.77798262496884
0.08379705810546874, 0.33758243408203126, -10.031704956054687
-0.029843798717557254, 0.04396631061068702, 0.040502298259541984
166.25352160680177, 46.38824187684285, -300.87786879586105
0.8694391455980127, -1.24566013498421, 9.922121475384836
-0.04554219295670069, -0.029002204725450877, -0.03935613975826461
-165.97126521859153, -5.751752477924833, 342.5007341372993
0.181959326171875, 0.4644751220703125, -10.105925207519531
-0.011724349496183208, 0.022915774015267176, 0.00959264958778626
187.46793794851916, 65.75614677276523, -317.70970542640157
-0.9790974375584132, 1.9554019782455037, 9.879086088632995
-0.01702003498979292, -0.02053579353014736, -0.006573552234133698
176.09790322603865, 3.984696216061198, 340.58909289059204
0.24181436767578124, 0.40940848388671874, -10.019733947753906
-0.0026646248854961837, 0.018119449221374047, 0.008793262122137404
182.38707445657502, 57.269983891221884, -314.2389210551362
0.788055506512603, -1.1451983208961027, 9.934215983324343
-0.009125408015656093, -0.015609812089104547, -0.009262657270223242
-165.642394339064, -8.372593706869656, 341.3845011537153
0.201112939453125, 0.49320554199218747, -10.04846436767578
0.015454824335877864, 0.0010658499541984733, -0.02078407410687023
173.21819004002694, 40.18893561539483, -301.84152194621856
-1.4303561602495083, 1.9513925790748288, 9.767368249773584
0.011127186905909813, -0.00014236015846704787, 0.023412193682007067
176.30406255213765, 2.894968023602291, 340.52479902011237
0.2705447875976562, 0.469263525390625, -10.000580334472655
-0.008793262122137404, -0.0010658499541984733, 0.034640123511450384
178.41482725241278, 61.44739787384008, -315.4168897516455
0.6035696327330828, -1.1750157655108613, 9.927741506195801
-0.009674191160785477, 0.006132617810981405, -0.033870291937493434
-178.0304922719628, -18.949777820678083, 337.65455451886857
-0.6823474731445313, -2.540247961425781, -9.421183532714844
0.2880459501221374, -0.07620827172519085, -0.011724349496183208
155.10889427307134, 156.27330780114457, -306.5884364781125
-2.7428981375063453, 2.9173480830916825, 8.924278508993174
0.2755733273646236, -0.035325626866820815, 0.10829160523267799
-174.70877513037902, -21.533905489442173, 330.0752245580825
-0.2442085693359375, -3.9504327392578125, -9.052476477050782
-0.014388974381679392, 0.033307811068702294, -0.0695467095114504
140.2747416439872, 192.45284452157566, -243.0041374226834
-1.6864376283877247, 4.36655940776825, 8.700688138548777
-0.052583678813271195, -0.0166154506233141, 0.055786030409610644
-166.2771522856942, -41.82508910153451, 321.4134346958079
-0.7398083129882812, -5.875370874023437, -7.766790185546874
0.5092098156183207, -0.1337641692519084, -0.03090964867175573
165.8285808537143, 268.74304664260075, -180.3809872931222
-2.8795927029140618, 6.770935467440577, 6.422827087402876
0.33816439077671534, -0.12532294551151613, 0.3848141107309337
-157.14441525088316, -58.12561882358668, 309.30705945849985
-0.45968671875, -6.4643444824218745, -7.611167077636718
-0.014388974381679392, 0.02744563632061069, 0.017586524244274808
153.7641917758721, 262.45621149386034, -184.5851289169911
-3.975955782717969, 7.21610080181193, 5.661147461643718
-0.0010927410199813217, -0.019379806753931868, -0.029880100050666214
-162.778997093129, -44.517354362003054, 300.78781508780014
-0.26815058593749996, -6.430825659179687, -7.587225061035156
-0.015454824335877864, 0.016787136778625956, -0.006928024702290077
167.82323602815575, 268.642626433933, -174.9269509346876
-1.478269280631594, 6.084074736386867, 7.732539172762231
-0.02078099052087656, 0.0013010702862808739, -0.011623886262093071
-159.33362719919816, -51.43893604237795, 291.89064444519624
-0.18914193115234373, -6.442796667480469, -7.632714892578124
-0.03224196111450382, 0.04343338563358779, -0.009059724610687023
163.9496993997145, 281.6157662281705, -195.9396070857183
-2.2857814807045327, 5.721258130352413, 7.864232233876742
-0.039699460951846434, 0.0003942798551793375, -0.03784017702991406
-164.0449325039195, -48.2544167818513, 290.5678618580441
-0.40222587890625, -6.5601125488281244, -7.548917834472656
-0.0010658499541984733, -0.008793262122137404, 0.010125574564885496
162.95305961735684, 284.4904230037686, -184.00125434430814
-1.636941594603647, 5.190296290838992, 8.400254127806667
0.01278702540364948, 0.0036881398269993475, -0.0019683396773579193
-155.5306133638076, -51.96183103918147, 288.6623765117197
-0.2561795776367187, -6.6319385986328125, -7.486668591308593
0.010392037053435116, 0.015721286824427482, -0.005062787282442748
171.9967417371268, 286.7991826383713, -190.61335959181008
-2.075372000284118, 6.086310916493101, 7.664730565149312
-0.01111630584246174, -0.016022234545501255, 0.000707709819733253
-163.1125676006945, -48.461266773259204, 291.4764626337606
-0.3327940307617187, -6.579266162109374, -7.544129431152343
0.005062787282442748, -0.0130566619389313, -0.003730474839694657
163.75382291876235, 259.35201093120196, -182.3498043566898
-1.6676747184807477, 5.359249713975075, 8.295100210929657
0.00649392833020453, 0.0038295632209554703, 0.012376914759473313
-158.0945932996366, -52.51866456670649, 288.7790848168198
-0.3806780639648437, -6.706158850097656, -7.501033801269531
0.0061286372366412215, 0.0010658499541984733, -0.002931087374045802
153.72672680798865, 259.1519630736624, -176.87423990282866
-2.1635402236309327, 5.883657643430848, 7.879381754588615
-0.0017394816658458118, -0.00475105844303437, 0.004657161249362003
-163.2136298119188, -50.66634232946009, 292.65863892846266
-0.3591302490234375, -6.816292126464844, -7.472303381347656
0.022915774015267176, -0.00159877493129771, 0.00319754986259542
163.93714134404902, 281.4519314846322, -188.29893296164371
-1.8803371003025862, 5.573340728191721, 8.235796028841104
0.009003892008410584, -0.017940006034882494, 0.01161891635621774
-158.31625186365355, -51.67954308136163, 289.99257034681466
-0.44053310546874996, -6.68461103515625, -7.410054138183593
0.002398162396946565, -0.009326187099236643, -0.0026646248854961837
163.89024779982915, 276.1476938001117, -184.9073335202272
-2.011914071940085, 5.9833765805037, 7.741989595844712
0.0038521584325351254, 0.004257509570212611, 0.008177020370691184
-162.80081825407652, -45.50873742663528, 293.22012185837457
-0.20829554443359374, -6.64630380859375, -7.8338278320312495
-0.005862174748091604, 0.007460949679389314, -0.02744563632061069
157.69651226851022, 255.88092386975507, -169.1705269204751
-1.3654284305849211, 5.580494567938651, 8.519347711534241
-0.026003371336577957, 0.006089901024763406, 0.011403139943865832
-157.58935255078367, -55.55073324891331, 290.740171998599
-0.411802685546875, -6.691793640136718, -7.319074475097656
0.016787136778625956, -0.010658499541984735, 0.016787136778625956
155.6834584779713, 253.86432999728717, -173.4862284773166
-2.5779225218100414, 6.046855956222932, 7.4369606199212654
0.02284452750322461, -0.00964179970128821, 0.007898278078779849
-166.22070025361268, -44.4660209103208, 293.7175980577018
-0.2825157958984375, -6.732495068359374, -7.410054138183593
-0.0034640123511450386, 0.028245023786259545, -0.003996937328244275
154.94552559324254, 287.33036861422084, -173.14186842210032
-0.8727994519922078, 5.1503031139448145, 8.545630831151065
-0.022249160003679755, -0.011821373737162313, -0.013819777869349115
-153.76547257762053, -57.25740734433152, 291.4218883810751
-0.39264907226562495, -6.763619689941406, -7.340622290039062
0.01279019945038168, 0.007460949679389314, 0.003996937328244275
168.8203343470888, 267.6509341058444, -177.0883897290128
-2.846339987285405, 6.586484499933251, 6.9499662458210265
0.0021318638321736806, -0.014925577779316154, 0.0028129636790206556
-153.59280291825104, -90.0, 296.59428459039896
-0.6009446166992187, -7.896077075195312, -6.327874987792969
1.2305237721221376, 0.16227565552671758, 0.09379479596946566
159.0479788581629, 311.12939936875654, -110.40232083227961
-6.327874987792969, 6.667855513757692, 4.271869667653248
0.09379479596946569, -0.870123904816731, 0.8851025547363451
-136.7090312322261, -90.0, 300.682060206741
-0.833182177734375, -9.775525378417969, 0.2059013427734375
-0.04876263540458016, -0.0610199098778626, -0.07647473421374047
141.62156571480395, 302.073239364727, 110.20982187965376
0.205901342773438, 9.625601792308126, 1.898125154277909
-0.07647473421374047, 0.07211104550290671, -0.030020345260842757
-111.75690384874692, -90.0, 312.4871391186635
-0.689530078125, -9.708487731933593, 0.5602431884765625
0.08500153384732825, 0.03224196111450382, 0.022649311526717557
147.58442154092785, 295.8656307992064, 109.2479627372484
0.560243188476563, 8.835862822961294, -4.081386277180171
0.02264931152671756, -6.667201817702046e-05, 0.09091094745821132
-130.53722225419074, -90.0, 317.76154257633027
-0.3806780639648437, -9.842563024902343, 0.3112462158203125
-0.011724349496183208, 0.03703828590839695, -0.017586524244274808
146.47221723724155, 283.1552440083196, 116.0797655547588
0.31124621582031287, 9.716555049467313, -1.6154010827748153
-0.01758652424427481, -0.03821864209829688, -0.006973549333237498
-112.50722881386164, -90.0, 328.68208038412774
-0.3854664672851562, -9.916783276367187, 0.2154781494140625
-0.09379479596946566, -0.06448392222900765, 0.023448698992366415
167.7786266594465, 313.10821930992034, 93.55625491625312
0.2154781494140628, 7.777498359787168, -6.164551420123377
0.02344869899236641, -0.0033098340766936573, -0.11377471149326268
-107.99970432557443, -90.0, 266.7800966545792
-0.4429273071289062, -9.770736975097655, 0.2537853759765625
-0.016520674290076337, 0.02078407410687023, -0.016254211801526718
170.77868245689365, 313.0629113320504, 96.82544751699987
0.2537853759765631, 9.268595637675187, 3.123558954335494
-0.016254211801526718, -0.013395361269714886, -0.022923235197774446
-95.20803085022538, -90.0, 273.2803046168934
-0.4165910888671875, -9.907206469726562, 0.28969840087890625
0.026646248854961835, 0.013323124427480917, -0.0034640123511450386
171.78475081558773, 312.18824382077497, 89.20638434833569
0.28969840087890686, 9.915613166119243, -0.08308856117505703
-0.0034640123511450395, -0.014211932702869969, 0.026182994316918545
-110.01033199393517, -90.0, 273.934209280765
-0.4213794921875, -9.873687646484374, 0.22266075439453123
0.018918836687022902, -0.00959264958778626, 0.0021316999083969466
165.70453646018296, 302.78740385644807, 86.15321844170913
0.22266075439453184, 9.604259498015292, 2.329263383895734
0.0021316999083969474, 0.003978630332470272, 0.02083534997022721
-95.58595730798365, -90.0, 209.68847646694576
-0.45489831542968745, -9.883264453125, 0.21787235107421873
-0.06501684720610687, 0.010392037053435116, -0.03890352332824428
150.60421142584937, 296.07777741832524, 100.51038171444937
0.21787235107421907, 4.451273148717615, 8.83583703354077
-0.03890352332824428, 0.05510463054404841, -0.036036988599855865
-107.92080107959204, -90.0, 210.9836634891375
-0.469263525390625, -9.787496386718749, 0.3399766357421875
-0.016520674290076337, -0.005595712259541985, 0.0061286372366412215
149.52409006618984, 286.60142415754854, 102.90587014240072
0.33997663574218784, 2.6692897293785673, 9.428159211475414
0.006128637236641222, 0.017357906013915406, 0.0017169081228933178
-93.6941613470694, -90.0, 211.36643954486354
-0.30406361083984373, -9.90241806640625, 0.3399766357421875
0.007727412167938932, 0.00959264958778626, -0.010125574564885496
155.56279290123138, 290.7682413274427, 106.07606086584038
0.33997663574218784, 4.8681020137950295, 8.628552661055656
-0.010125574564885496, -0.01129849561052983, -0.004906711920023911
-104.85227209493837, -65.91271712794605, 211.27814222915268
-0.40940848388671874, -9.763554370117188, 0.2657563842773437
-0.00959264958778626, 0.0053292497709923675, -0.012257274473282443
168.69495448218066, 303.5548508038386, 100.31425482777124
2.454290538061985, 2.592643246331515, 9.100543645998739
-0.00897321718910368, 0.012072413562196333, -0.006663243265072335
-90.07031436634335, -76.33004687010369, 142.0487686272729
-0.3806780639648437, -10.024522351074218, 0.40462008056640625
0.018385911709923666, 0.0159877493129771, 0.010924962030534353
144.51143901477909, 286.51310271046003, 105.09788993189737
-0.9928635766503191, -5.80428409778209, 8.131678153712384
0.009512875175824585, -0.007085977678900493, -0.02392276737945737
-100.48615069908047, -54.55731308125763, 211.7497934090001
-0.3136404174804687, -9.821015209960937, 0.35673604736328124
0.004263399816793893, 0.009326187099236643, 0.012523736961832063
147.4585515084613, 282.0231219000553, 120.4674760096404
3.442109949680955, 2.660325150722609, 8.817738931267463
0.0052548858672023715, -0.012941687348564252, -0.008179072954293385
-85.35088008191542, -64.02917485917823, 142.16566904999024
-0.3399766357421875, -9.801861596679688, 0.3687070556640625
0.000799387465648855, 0.005595712259541985, 0.0018652374198473284
166.77568778008143, 312.14673230041177, 89.21535438809676
-2.1837958317865342, -4.663310987939182, 8.355392639550132
0.002903455730288251, 0.0012977430311805014, -0.005031494260307016
-96.85805636926725, -50.13050931777384, 212.19732584279845
-0.33518823242187495, -9.821015209960937, 0.3902548706054687
0.014388974381679392, -0.02131699908396947, 0.01971822415267176
161.6513095607088, 301.2158858506561, 109.10582180910436
3.835916098979278, 2.9843271439752384, 8.549650808588247
0.014609669820680534, -0.016242403415488, 0.023937570395861592
-81.41812146883775, -55.72482077165882, 142.3647227410887
-0.3399766357421875, -9.821015209960937, 0.430956298828125
0.004263399816793893, 0.0026646248854961837, 0.00639509972519084
166.5163131467641, 282.4851302011496, 106.24356648526697
-2.8695983412739374, -3.728572955921387, 8.638101427441322
0.004299483046796396, -0.005693760447921031, -0.00390763889905147
-92.87803399225153, -44.966057052233424, 212.5108534153971
-0.38786066894531246, -9.945513696289062, 0.4429273071289062
0.006928024702290077, -0.007194487190839696, 0.01119142451908397
174.65893658056834, 298.30042694375396, 103.69509022147444
4.326371018853696, 3.2799217709155237, 8.353711161207675
0.006511064344688899, -0.009794178604213884, 0.009310545717042143
-77.03396302268592, -46.56043839548942, 142.7952661942925
-0.23702596435546874, -9.82580361328125, 0.3399766357421875
0.014921899358778627, 0.002398162396946565, -0.0026646248854961837
159.6375880344814, 300.1290717202616, 110.22433966323918
-3.7085210903576127, -2.5101038331901315, 8.755822756107909
-0.009109713435317118, -0.008051190606073271, -0.009365144958148396
-88.45158692996878, -38.643175125016036, 212.90291517954014
-0.38307226562499996, -9.648632690429688, 0.679953271484375
-0.006928024702290077, -0.005862174748091604, 0.003996937328244275
176.818720763312, 315.3701690177977, 89.12719941848678
4.769534461800399, 3.1549967723175714, 7.810424443734531
0.009526309875438217, 0.002529514183683389, 0.0010904610081473346
-75.5160675887519, -49.26989914555285, 143.45540871923697
-0.22505495605468748, -9.911994873046874, 0.3447650390625
0.0021316999083969466, -0.004263399816793893, 0.004263399816793893
175.7047224516735, 302.6363772635484, 97.05052711086498
-3.471850480492929, -2.390358613776344, 8.980511954635901
0.00045685686670531456, -0.005273396114729885, 0.0035888543737008756
-86.67635924556227, -41.37878146578705, 213.47351445912517
-0.32561142578124996, -9.861716638183593, 0.39743747558593745
-0.011724349496183208, 0.011724349496183208, -0.008260337145038169
165.575078411812, 288.8980850305718, 99.5557814638367
4.547889788872378, 3.937500149238483, 7.831361659535575
-0.00297430188792066, 0.007432309386861935, -0.01670533499887014
-99.39031292370355, -33.8116091191768, 143.72258773161616
-0.3112462158203125, -9.859322436523437, 0.4381389038085937
0.0005329249770992366, 0.0010658499541984733, -0.003730474839694657
163.76486793492097, 312.0516104981059, 92.4953110365568
-4.394783127645306, -4.751027868645819, 7.457123726044941
-0.001908840669742876, 0.0033600239749829795, -0.0006348652382601612
-87.44074592675283, -45.11958565035078, 213.68661247293727
0.18435352783203124, -11.456254943847656, -4.357447021484375
-0.2752557506717558, 0.23741807729770995, -0.09512710841221375
166.091036320645, 329.4150497173634, -33.36130707622111
1.2878724133483859, 7.891292434062112, 9.291716551517878
0.001289087849331516, 0.12033211613004874, -0.3559505001270027
-92.59690069600079, -59.53233798166722, 213.65836324974285
-1.0223241088867188, -6.174646081542968, -9.239224206542968
0.37944258369465655, 0.10125574564885496, 0.07514242177099237
121.31072695577484, 195.09085876284686, -275.7626074443506
-5.796709690853618, 8.152093777047575, 4.947341565414744
-0.12383242017541628, -0.3640335486455614, 0.10963982429487275
