187.65 ,-33.15 ,67.2
187.35 ,-34.199999999999996 ,66.45
188.25 ,-36.6 ,67.35
186.0 ,-34.949999999999996 ,65.85
185.85 ,-36.9 ,65.85
184.79999999999998 ,-36.6 ,66.45
184.65 ,-37.5 ,65.85
186.0 ,-38.1 ,67.2
184.95 ,-38.55 ,65.85
186.15 ,-36.75 ,66.0
186.15 ,-38.55 ,65.1
185.25 ,-37.949999999999996 ,65.7
183.9 ,-38.85 ,65.55
184.79999999999998 ,-39.3 ,67.05
185.54999999999998 ,-37.8 ,65.85
186.9 ,-38.25 ,66.45
186.9 ,-39.9 ,67.2
186.29999999999998 ,-39.15 ,67.5
186.0 ,-39.15 ,67.2
184.2 ,-39.449999999999996 ,66.3
185.54999999999998 ,-41.699999999999996 ,67.35
186.29999999999998 ,-41.699999999999996 ,66.3
183.9 ,-41.4 ,66.75
183.9 ,-43.05 ,66.75
183.45 ,-42.9 ,67.2
183.45 ,-43.05 ,66.3
184.04999999999998 ,-46.35 ,68.7
184.65 ,-46.199999999999996 ,70.5
186.0 ,-47.699999999999996 ,69.75
184.79999999999998 ,-48.3 ,70.35
185.85 ,-49.8 ,72.0
187.04999999999998 ,-50.699999999999996 ,71.55
187.04999999999998 ,-52.65 ,73.95
188.4 ,-53.55 ,75.0
188.4 ,-56.25 ,77.85
191.1 ,-55.8 ,79.64999999999999
190.5 ,-58.949999999999996 ,81.6
192.29999999999998 ,-58.8 ,84.0
191.25 ,-60.599999999999994 ,83.39999999999999
192.0 ,-61.949999999999996 ,87.3
192.75 ,-63.3 ,88.2
193.2 ,-64.05 ,90.45
193.95 ,-63.9 ,91.8
192.6 ,-63.3 ,93.45
193.04999999999998 ,-65.25 ,93.14999999999999
192.75 ,-64.95 ,93.14999999999999
193.04999999999998 ,-65.85 ,98.1
193.2 ,-64.64999999999999 ,97.35
193.35 ,-66.3 ,101.85
193.79999999999998 ,-65.25 ,101.7
193.95 ,-66.14999999999999 ,104.7
194.1 ,-63.9 ,108.89999999999999
193.79999999999998 ,-66.3 ,110.39999999999999
194.7 ,-64.5 ,112.05
192.75 ,-63.75 ,116.55
193.04999999999998 ,-62.699999999999996 ,115.94999999999999
193.5 ,-61.949999999999996 ,117.89999999999999
193.04999999999998 ,-61.949999999999996 ,120.14999999999999
192.75 ,-60.3 ,120.14999999999999
192.45 ,-60.15 ,122.85
191.1 ,-60.75 ,124.64999999999999
191.85 ,-60.75 ,125.25
190.35 ,-58.8 ,126.3
190.35 ,-58.8 ,124.94999999999999
190.35 ,-57.15 ,126.3
190.95 ,-57.75 ,126.6
192.29999999999998 ,-55.8 ,129.29999999999998
192.0 ,-56.1 ,128.7
191.54999999999998 ,-55.5 ,128.1
192.0 ,-54.6 ,128.7
191.54999999999998 ,-53.699999999999996 ,127.35
192.29999999999998 ,-54.0 ,130.95
190.65 ,-52.949999999999996 ,129.29999999999998
190.5 ,-51.75 ,130.04999999999998
192.29999999999998 ,-50.85 ,133.5
192.0 ,-51.3 ,131.4
191.25 ,-48.9 ,132.75
191.85 ,-48.3 ,133.65
192.6 ,-47.699999999999996 ,133.2
192.29999999999998 ,-47.699999999999996 ,132.15
192.29999999999998 ,-47.25 ,132.15
192.45 ,-46.05 ,132.15
193.2 ,-45.75 ,133.2
193.5 ,-44.25 ,133.2
191.7 ,-43.8 ,133.5
193.35 ,-43.8 ,134.25
191.85 ,-42.6 ,135.0
193.04999999999998 ,-42.6 ,135.15
192.75 ,-40.5 ,135.6
191.54999999999998 ,-39.9 ,136.2
191.25 ,-38.85 ,136.5
189.9 ,-39.3 ,136.5
191.85 ,-37.949999999999996 ,136.5
190.5 ,-36.6 ,136.95
189.6 ,-37.35 ,136.65
190.5 ,-36.75 ,137.54999999999998
189.15 ,-34.8 ,136.65
190.5 ,-36.6 ,136.5
190.65 ,-36.75 ,138.15
190.5 ,-35.4 ,136.65
191.54999999999998 ,-37.199999999999996 ,137.25
190.5 ,-36.6 ,137.4
190.95 ,-36.6 ,136.35
190.65 ,-37.5 ,136.35
191.7 ,-39.75 ,137.1
191.7 ,-40.5 ,135.45
191.54999999999998 ,-42.9 ,134.4
193.2 ,-45.6 ,132.15
192.75 ,-46.8 ,129.29999999999998
194.1 ,-49.8 ,128.85
195.29999999999998 ,-51.75 ,126.75
194.54999999999998 ,-54.3 ,121.35
196.04999999999998 ,-58.199999999999996 ,118.05
193.79999999999998 ,-60.15 ,115.19999999999999
194.85 ,-63.15 ,113.39999999999999
193.79999999999998 ,-63.15 ,112.64999999999999
193.35 ,-64.5 ,110.1
192.75 ,-64.95 ,104.25
191.85 ,-65.85 ,101.85
191.1 ,-65.85 ,100.35
192.45 ,-65.1 ,94.8
191.85 ,-65.55 ,92.1
192.29999999999998 ,-65.7 ,88.95
189.15 ,-63.9 ,84.75
187.65 ,-63.15 ,82.64999999999999
187.65 ,-61.199999999999996 ,79.35
188.4 ,-60.0 ,76.2
186.75 ,-57.15 ,74.7
186.6 ,-55.65 ,73.5
185.4 ,-52.5 ,71.25
186.6 ,-50.4 ,69.6
185.54999999999998 ,-47.4 ,69.6
184.65 ,-46.35 ,67.95
185.85 ,-45.449999999999996 ,67.8
184.2 ,-41.1 ,64.05
183.29999999999998 ,-38.85 ,65.39999999999999
183.45 ,-36.6 ,64.35
183.9 ,-33.6 ,65.39999999999999
182.7 ,-34.05 ,65.39999999999999
183.29999999999998 ,-27.9 ,64.35
183.75 ,-25.95 ,64.05
182.54999999999998 ,-24.599999999999998 ,67.8
183.75 ,-22.5 ,66.6
183.29999999999998 ,-19.2 ,67.05
183.75 ,-18.9 ,68.55
183.45 ,-17.4 ,68.85
184.2 ,-17.099999999999998 ,68.25
184.95 ,-14.549999999999999 ,69.0
184.65 ,-13.5 ,69.0
183.9 ,-11.549999999999999 ,70.05
183.0 ,-11.4 ,70.2
182.7 ,-10.2 ,70.05
182.7 ,-8.85 ,71.1
183.29999999999998 ,-9.0 ,69.6
182.7 ,-7.199999999999999 ,72.14999999999999
182.4 ,-7.949999999999999 ,72.45
183.29999999999998 ,-4.6499999999999995 ,72.75
183.15 ,-5.85 ,72.89999999999999
182.25 ,-5.85 ,72.75
184.04999999999998 ,-3.9 ,73.35
184.5 ,-4.2 ,75.75
183.0 ,-2.25 ,75.45
183.15 ,-1.95 ,75.89999999999999
182.7 ,-1.3499999999999999 ,77.25
182.4 ,-0.8999999999999999 ,76.95
182.25 ,0.15 ,77.85
182.7 ,0.44999999999999996 ,78.3
183.0 ,1.95 ,79.35
182.25 ,1.05 ,80.39999999999999
183.0 ,0.75 ,81.3
182.25 ,2.25 ,82.05
181.95 ,2.6999999999999997 ,83.1
182.7 ,5.3999999999999995 ,84.45
182.25 ,4.6499999999999995 ,83.7
183.0 ,5.7 ,84.89999999999999
181.95 ,6.0 ,86.55
180.6 ,6.75 ,87.0
182.25 ,8.4 ,87.3
181.2 ,7.949999999999999 ,89.25
181.04999999999998 ,7.35 ,88.8
180.9 ,7.949999999999999 ,90.6
179.85 ,9.45 ,90.14999999999999
179.85 ,10.2 ,91.2
180.45 ,10.35 ,93.6
179.85 ,9.45 ,96.0
179.85 ,11.4 ,96.0
179.1 ,11.4 ,98.55
179.7 ,12.15 ,100.05
179.7 ,12.299999999999999 ,101.1
180.45 ,11.1 ,103.95
180.45 ,10.95 ,105.75
179.1 ,10.5 ,106.2
179.54999999999998 ,11.7 ,110.25
181.79999999999998 ,9.6 ,111.89999999999999
180.15 ,9.0 ,115.05
180.6 ,8.549999999999999 ,117.89999999999999
180.15 ,7.05 ,119.85
180.9 ,7.6499999999999995 ,122.1
181.04999999999998 ,5.7 ,124.94999999999999
181.04999999999998 ,2.6999999999999997 ,127.35
180.45 ,4.05 ,127.5
180.6 ,2.1 ,128.54999999999998
180.9 ,1.5 ,127.8
182.54999999999998 ,-0.75 ,128.25
182.25 ,-0.44999999999999996 ,130.2
183.75 ,-1.05 ,129.45
183.45 ,-2.85 ,131.1
184.5 ,-5.25 ,131.85
186.75 ,-5.3999999999999995 ,133.65
185.25 ,-7.8 ,132.9
185.85 ,-8.4 ,133.95
186.75 ,-9.45 ,134.85
185.54999999999998 ,-10.95 ,136.95
185.25 ,-10.799999999999999 ,136.2
185.85 ,-12.15 ,138.15
184.5 ,-12.75 ,137.54999999999998
184.95 ,-12.75 ,138.75
185.54999999999998 ,-15.899999999999999 ,139.65
186.29999999999998 ,-16.8 ,139.65
185.85 ,-18.0 ,139.65
186.0 ,-16.5 ,140.1
186.75 ,-19.2 ,139.79999999999998
186.6 ,-22.2 ,139.79999999999998
187.5 ,-23.4 ,141.0
187.5 ,-24.75 ,140.85
186.9 ,-26.25 ,139.65
189.0 ,-27.15 ,141.15
188.7 ,-28.349999999999998 ,140.54999999999998
189.9 ,-30.0 ,139.5
190.35 ,-30.0 ,138.9
190.35 ,-34.35 ,139.04999999999998
190.95 ,-33.449999999999996 ,138.15
190.35 ,-36.6 ,138.29999999999998
191.25 ,-35.699999999999996 ,138.9
190.5 ,-36.3 ,137.4
191.1 ,-36.6 ,138.15
192.75 ,-36.75 ,136.2
190.95 ,-37.8 ,137.85
190.65 ,-37.949999999999996 ,136.2
189.9 ,-37.8 ,138.29999999999998
190.35 ,-36.75 ,138.29999999999998
190.65 ,-34.949999999999996 ,139.04999999999998
189.15 ,-34.05 ,138.0
189.45 ,-32.55 ,140.25
188.7 ,-30.9 ,138.29999999999998
189.6 ,-27.75 ,139.79999999999998
189.6 ,-23.4 ,139.79999999999998
188.1 ,-23.4 ,137.85
185.85 ,-16.05 ,137.1
184.95 ,-12.0 ,135.6
185.54999999999998 ,-5.85 ,131.4
184.2 ,-3.5999999999999996 ,131.25
183.9 ,-1.05 ,128.25
183.45 ,0.3 ,125.55
184.5 ,3.15 ,122.85
184.2 ,4.6499999999999995 ,119.25
185.25 ,4.6499999999999995 ,116.25
183.29999999999998 ,7.199999999999999 ,113.39999999999999
182.4 ,9.15 ,110.39999999999999
181.79999999999998 ,9.45 ,108.14999999999999
180.29999999999998 ,9.45 ,106.5
179.54999999999998 ,12.15 ,103.2
179.54999999999998 ,10.5 ,101.25
179.7 ,11.4 ,96.6
180.29999999999998 ,10.799999999999999 ,94.35
179.4 ,8.25 ,91.2
181.04999999999998 ,6.75 ,86.55
180.6 ,7.05 ,84.75
181.04999999999998 ,4.5 ,81.0
180.45 ,3.4499999999999997 ,78.89999999999999
182.25 ,1.65 ,77.1
179.85 ,-0.8999999999999999 ,77.25
182.7 ,-0.75 ,75.6
183.0 ,-3.4499999999999997 ,75.14999999999999
184.79999999999998 ,-5.7 ,73.64999999999999
185.85 ,-8.85 ,74.25
186.15 ,-7.949999999999999 ,72.45
185.25 ,-10.5 ,70.8
186.75 ,-10.2 ,71.7
185.25 ,-9.6 ,70.95
185.85 ,-9.6 ,72.14999999999999
186.29999999999998 ,-9.15 ,73.2
186.29999999999998 ,-9.45 ,71.55
187.5 ,-8.85 ,74.1
187.04999999999998 ,-10.2 ,72.14999999999999
188.85 ,-10.799999999999999 ,74.39999999999999
188.85 ,-10.5 ,74.85
190.35 ,-11.549999999999999 ,75.75
191.25 ,-11.4 ,79.64999999999999
192.0 ,-12.0 ,81.89999999999999
196.2 ,-12.0 ,86.7
197.4 ,-11.7 ,86.7
199.65 ,-10.5 ,91.8
202.65 ,-12.299999999999999 ,95.55
202.65 ,-13.35 ,103.5
204.15 ,-14.7 ,107.85
204.0 ,-14.549999999999999 ,113.55
202.5 ,-16.05 ,119.55
201.6 ,-20.25 ,125.85
196.2 ,-22.8 ,129.29999999999998
194.7 ,-23.099999999999998 ,128.85
190.2 ,-28.5 ,136.95
189.45 ,-30.299999999999997 ,137.4
182.25 ,-31.5 ,141.15
180.6 ,-33.449999999999996 ,143.4
178.04999999999998 ,-33.15 ,143.54999999999998
174.15 ,-36.0 ,143.7
171.9 ,-36.75 ,145.5
167.4 ,-37.8 ,145.2
164.4 ,-39.75 ,145.65
160.95 ,-42.3 ,144.9
157.95 ,-42.449999999999996 ,144.15
154.04999999999998 ,-43.8 ,142.79999999999998
151.95 ,-45.449999999999996 ,143.25
151.65 ,-47.55 ,141.75
146.85 ,-47.699999999999996 ,140.4
144.6 ,-47.699999999999996 ,138.15
141.29999999999998 ,-51.449999999999996 ,136.2
140.54999999999998 ,-51.15 ,135.9
137.54999999999998 ,-51.449999999999996 ,133.5
135.9 ,-52.65 ,132.6
134.4 ,-53.25 ,129.29999999999998
132.0 ,-53.85 ,128.85
130.5 ,-54.6 ,126.75
132.0 ,-53.85 ,125.25
133.79999999999998 ,-55.65 ,125.55
130.95 ,-55.5 ,123.3
131.7 ,-55.8 ,125.1
130.95 ,-55.5 ,124.8
131.1 ,-55.8 ,123.89999999999999
130.95 ,-55.5 ,124.8
131.7 ,-55.8 ,126.0
133.2 ,-56.4 ,127.5
134.1 ,-56.4 ,130.5
136.04999999999998 ,-56.85 ,132.75
138.9 ,-55.5 ,134.4
143.25 ,-53.699999999999996 ,138.29999999999998
148.35 ,-53.85 ,139.65
152.4 ,-51.75 ,141.9
160.2 ,-49.949999999999996 ,143.1
160.2 ,-46.35 ,143.4
172.79999999999998 ,-43.199999999999996 ,141.9
179.85 ,-40.949999999999996 ,139.5
183.9 ,-38.699999999999996 ,137.25
189.15 ,-36.75 ,134.4
194.85 ,-33.75 ,129.29999999999998
196.95 ,-31.799999999999997 ,125.25
199.79999999999998 ,-27.15 ,119.39999999999999
203.85 ,-26.7 ,117.0
204.75 ,-21.75 ,106.35
204.9 ,-17.099999999999998 ,100.8
204.75 ,-18.3 ,96.6
202.65 ,-15.75 ,90.45
201.75 ,-15.149999999999999 ,83.39999999999999
198.0 ,-14.7 ,80.25
194.54999999999998 ,-15.899999999999999 ,74.1
191.85 ,-12.6 ,72.14999999999999
187.04999999999998 ,-12.9 ,71.55
184.95 ,-12.0 ,67.2
178.79999999999998 ,-11.4 ,65.1
178.79999999999998 ,-10.5 ,64.95
174.9 ,-12.15 ,63.15
171.75 ,-13.65 ,64.35
170.54999999999998 ,-12.0 ,64.64999999999999
170.25 ,-14.25 ,63.3
169.04999999999998 ,-14.1 ,61.949999999999996
168.9 ,-12.9 ,62.099999999999994
168.75 ,-14.85 ,61.349999999999994
168.15 ,-13.65 ,62.55
166.95 ,-13.049999999999999 ,61.949999999999996
168.75 ,-13.65 ,64.2
171.29999999999998 ,-12.75 ,62.4
170.85 ,-12.9 ,62.4
170.54999999999998 ,-13.95 ,63.599999999999994
172.35 ,-14.549999999999999 ,63.599999999999994
171.0 ,-14.7 ,63.15
172.35 ,-14.85 ,63.3
173.4 ,-14.25 ,63.15
171.29999999999998 ,-15.299999999999999 ,63.3
172.79999999999998 ,-14.25 ,61.199999999999996
172.04999999999998 ,-16.05 ,62.849999999999994
171.9 ,-15.75 ,62.55
173.1 ,-16.05 ,63.3
173.1 ,-16.2 ,63.449999999999996
171.9 ,-16.5 ,62.849999999999994
172.04999999999998 ,-16.2 ,61.8
171.75 ,-15.299999999999999 ,62.55
171.15 ,-15.45 ,64.64999999999999
170.4 ,-16.2 ,62.55
170.1 ,-13.65 ,64.2
169.5 ,-11.7 ,62.55
171.15 ,-13.35 ,64.35
172.04999999999998 ,-12.6 ,64.05
170.4 ,-10.5 ,64.05
171.29999999999998 ,-9.15 ,65.7
170.54999999999998 ,-7.949999999999999 ,66.75
170.25 ,-6.45 ,65.85
168.9 ,-9.15 ,64.35
168.9 ,-9.0 ,65.85
169.79999999999998 ,-8.85 ,66.0
167.7 ,-8.25 ,65.1
168.75 ,-8.4 ,63.599999999999994
166.95 ,-10.95 ,64.8
166.35 ,-11.1 ,63.3
164.85 ,-13.35 ,61.65
163.35 ,-13.049999999999999 ,62.699999999999996
162.29999999999998 ,-13.65 ,63.15
162.29999999999998 ,-13.5 ,62.55
162.6 ,-13.35 ,64.8
161.85 ,-14.7 ,64.2
161.7 ,-16.5 ,64.8
162.0 ,-14.549999999999999 ,63.599999999999994
162.0 ,-15.45 ,63.599999999999994
161.7 ,-16.2 ,65.39999999999999
161.54999999999998 ,-15.899999999999999 ,64.64999999999999
163.04999999999998 ,-15.149999999999999 ,63.3
162.29999999999998 ,-15.899999999999999 ,64.05
162.6 ,-18.0 ,63.3
164.7 ,-18.45 ,62.55
163.2 ,-18.0 ,63.599999999999994
163.35 ,-17.849999999999998 ,63.9
163.04999999999998 ,-17.4 ,63.9
163.35 ,-18.599999999999998 ,63.9
163.79999999999998 ,-19.349999999999998 ,61.8
164.7 ,-19.65 ,63.3
165.45 ,-20.4 ,61.949999999999996
164.1 ,-21.15 ,61.199999999999996
164.1 ,-22.2 ,62.699999999999996
163.35 ,-23.4 ,62.4
161.1 ,-24.9 ,60.9
162.29999999999998 ,-26.7 ,62.099999999999994
159.75 ,-26.7 ,63.3
159.9 ,-27.75 ,62.099999999999994
159.6 ,-28.799999999999997 ,61.199999999999996
158.4 ,-28.05 ,62.4
157.95 ,-28.349999999999998 ,61.8
155.85 ,-27.75 ,62.699999999999996
157.35 ,-28.5 ,62.55
153.45 ,-30.0 ,62.099999999999994
153.29999999999998 ,-29.4 ,63.3
148.5 ,-30.9 ,64.35
147.0 ,-30.45 ,64.95
146.85 ,-30.9 ,65.1
144.6 ,-32.85 ,66.0
142.04999999999998 ,-31.95 ,67.5
141.29999999999998 ,-32.85 ,67.5
141.0 ,-33.15 ,70.8
138.75 ,-31.95 ,71.25
134.85 ,-33.6 ,71.7
134.4 ,-31.95 ,74.7
131.54999999999998 ,-33.6 ,75.0
131.54999999999998 ,-33.6 ,76.2
130.79999999999998 ,-33.0 ,78.3
129.9 ,-33.75 ,80.55
125.1 ,-32.55 ,82.35
124.8 ,-31.799999999999997 ,82.35
124.64999999999999 ,-33.15 ,86.39999999999999
124.19999999999999 ,-33.6 ,88.05
123.75 ,-34.8 ,90.14999999999999
122.55 ,-37.35 ,92.39999999999999
121.64999999999999 ,-36.3 ,93.45
121.64999999999999 ,-36.75 ,96.3
121.19999999999999 ,-36.3 ,99.45
120.44999999999999 ,-37.35 ,101.85
119.1 ,-38.1 ,105.75
119.55 ,-37.8 ,108.3
120.6 ,-39.3 ,109.5
119.1 ,-40.35 ,113.1
120.89999999999999 ,-40.5 ,115.05
122.55 ,-41.85 ,117.14999999999999
123.14999999999999 ,-42.3 ,121.05
122.25 ,-40.949999999999996 ,121.35
124.05 ,-42.449999999999996 ,126.0
128.1 ,-42.3 ,128.1
128.1 ,-42.6 ,129.45
129.0 ,-44.25 ,131.25
131.7 ,-44.1 ,133.5
133.2 ,-43.199999999999996 ,133.35
132.75 ,-44.25 ,136.95
136.65 ,-45.15 ,137.1
137.7 ,-45.15 ,137.1
139.65 ,-44.1 ,141.6
141.6 ,-44.4 ,140.85
142.65 ,-43.65 ,141.75
144.0 ,-45.0 ,141.75
143.25 ,-45.15 ,142.04999999999998
145.35 ,-41.85 ,142.04999999999998
144.0 ,-41.85 ,141.75
143.7 ,-42.0 ,142.35
144.9 ,-43.199999999999996 ,143.4
144.0 ,-41.1 ,142.5
143.85 ,-41.699999999999996 ,141.75
143.7 ,-43.5 ,142.5
141.15 ,-42.9 ,141.29999999999998
140.54999999999998 ,-41.85 ,138.0
139.2 ,-43.65 ,137.1
137.7 ,-41.699999999999996 ,134.85
133.95 ,-43.5 ,135.0
133.79999999999998 ,-44.1 ,133.2
131.1 ,-46.199999999999996 ,130.2
130.35 ,-46.949999999999996 ,126.44999999999999
128.4 ,-48.75 ,122.69999999999999
126.0 ,-46.05 ,118.19999999999999
123.44999999999999 ,-46.65 ,115.5
122.69999999999999 ,-47.699999999999996 ,113.7
122.69999999999999 ,-48.6 ,108.14999999999999
122.25 ,-47.25 ,104.25
121.5 ,-47.25 ,100.5
123.89999999999999 ,-45.449999999999996 ,94.64999999999999
121.05 ,-45.15 ,91.95
124.64999999999999 ,-45.15 ,87.75
126.0 ,-43.65 ,83.55
126.3 ,-41.699999999999996 ,78.14999999999999
129.45 ,-41.25 ,76.35
132.75 ,-38.1 ,74.1
134.85 ,-38.85 ,70.05
135.45 ,-37.5 ,67.5
143.25 ,-36.6 ,63.9
147.45 ,-36.3 ,64.05
151.79999999999998 ,-35.55 ,61.949999999999996
155.85 ,-33.6 ,61.8
159.6 ,-34.199999999999996 ,61.65
164.85 ,-31.65 ,59.4
167.4 ,-33.0 ,60.599999999999994
171.0 ,-30.9 ,60.449999999999996
171.75 ,-31.799999999999997 ,62.4
174.6 ,-31.799999999999997 ,61.8
176.85 ,-31.049999999999997 ,61.349999999999994
179.1 ,-30.599999999999998 ,62.099999999999994
180.15 ,-28.799999999999997 ,62.55
183.15 ,-28.5 ,63.599999999999994
181.95 ,-25.349999999999998 ,65.1
184.04999999999998 ,-24.3 ,66.6
185.25 ,-24.0 ,65.1
185.25 ,-22.95 ,66.45
185.54999999999998 ,-22.2 ,67.2
186.6 ,-22.2 ,66.75
186.9 ,-22.95 ,67.8
186.0 ,-20.849999999999998 ,67.5
184.95 ,-20.849999999999998 ,67.35
186.29999999999998 ,-19.65 ,67.8
182.54999999999998 ,-18.45 ,66.6
182.4 ,-16.2 ,65.7
182.4 ,-15.45 ,66.0
180.45 ,-15.45 ,64.05
178.79999999999998 ,-14.85 ,64.8
177.0 ,-14.549999999999999 ,65.55
174.9 ,-15.299999999999999 ,64.95
174.45 ,-14.1 ,64.8
173.4 ,-15.75 ,64.8
173.25 ,-17.25 ,63.599999999999994
171.29999999999998 ,-17.4 ,63.9
171.29999999999998 ,-15.299999999999999 ,64.05
170.1 ,-17.25 ,63.449999999999996
171.0 ,-17.099999999999998 ,62.4
168.15 ,-18.0 ,63.3
167.4 ,-17.25 ,63.599999999999994
168.0 ,-16.2 ,63.449999999999996
166.35 ,-13.95 ,62.55
164.54999999999998 ,-15.45 ,62.699999999999996
163.04999999999998 ,-16.65 ,61.65
159.45 ,-16.8 ,61.05
158.4 ,-18.9 ,62.099999999999994
159.0 ,-20.25 ,62.55
156.9 ,-21.0 ,62.699999999999996
156.9 ,-20.55 ,61.349999999999994
155.4 ,-19.95 ,62.099999999999994
156.9 ,-20.55 ,59.699999999999996
156.6 ,-21.599999999999998 ,61.65
156.0 ,-21.599999999999998 ,62.55
155.85 ,-22.95 ,63.3
155.85 ,-21.15 ,62.849999999999994
154.65 ,-23.7 ,61.8
154.5 ,-21.0 ,62.849999999999994
154.79999999999998 ,-22.05 ,62.699999999999996
153.45 ,-21.0 ,61.349999999999994
151.79999999999998 ,-21.15 ,61.349999999999994
152.54999999999998 ,-19.95 ,61.199999999999996
152.4 ,-19.95 ,62.099999999999994
150.6 ,-20.4 ,62.699999999999996
151.79999999999998 ,-18.599999999999998 ,62.4
151.65 ,-20.25 ,63.3
153.15 ,-19.349999999999998 ,63.449999999999996
151.2 ,-19.349999999999998 ,62.699999999999996
151.2 ,-18.0 ,62.55
150.6 ,-18.0 ,63.3
151.2 ,-16.5 ,64.05
151.79999999999998 ,-16.05 ,64.35
151.79999999999998 ,-15.75 ,65.1
152.54999999999998 ,-14.85 ,64.8
152.4 ,-14.7 ,64.95
153.75 ,-12.6 ,65.7
153.15 ,-14.25 ,64.64999999999999
154.5 ,-12.75 ,66.6
155.1 ,-13.049999999999999 ,64.95
155.85 ,-11.549999999999999 ,65.85
156.6 ,-12.299999999999999 ,65.39999999999999
158.4 ,-9.75 ,66.45
158.85 ,-8.85 ,67.2
159.9 ,-8.25 ,67.05
162.0 ,-7.8 ,66.6
162.45 ,-8.549999999999999 ,66.0
163.04999999999998 ,-8.549999999999999 ,65.55
163.2 ,-9.0 ,66.6
165.29999999999998 ,-10.35 ,67.35
164.7 ,-10.2 ,66.6
166.65 ,-11.549999999999999 ,66.45
166.65 ,-11.7 ,65.85
167.25 ,-13.65 ,65.1
168.75 ,-13.95 ,65.7
168.75 ,-14.85 ,64.64999999999999
171.15 ,-14.85 ,65.55
171.15 ,-16.05 ,64.64999999999999
172.5 ,-17.4 ,64.8
175.2 ,-17.4 ,65.1
173.85 ,-18.3 ,64.95
174.75 ,-18.3 ,64.2
175.2 ,-20.25 ,64.05
174.6 ,-20.4 ,64.8
174.15 ,-22.95 ,62.699999999999996
175.35 ,-25.2 ,63.9
175.2 ,-25.95 ,62.55
174.9 ,-27.9 ,63.9
176.85 ,-30.299999999999997 ,62.099999999999994
177.45 ,-30.299999999999997 ,62.699999999999996
177.75 ,-32.85 ,62.699999999999996
178.04999999999998 ,-35.4 ,62.55
176.7 ,-37.5 ,62.699999999999996
176.25 ,-38.699999999999996 ,62.55
175.95 ,-39.3 ,64.35
175.35 ,-38.699999999999996 ,62.099999999999994
174.6 ,-41.699999999999996 ,63.599999999999994
173.85 ,-40.5 ,63.449999999999996
171.75 ,-41.699999999999996 ,61.199999999999996
169.65 ,-42.9 ,62.099999999999994
171.0 ,-42.0 ,62.699999999999996
169.04999999999998 ,-44.85 ,63.3
168.9 ,-43.5 ,62.849999999999994
168.29999999999998 ,-44.25 ,63.3
169.2 ,-47.25 ,63.3
169.04999999999998 ,-49.35 ,64.2
167.54999999999998 ,-48.15 ,64.2
166.79999999999998 ,-52.65 ,64.8
166.95 ,-52.5 ,64.95
163.04999999999998 ,-54.3 ,66.0
162.29999999999998 ,-54.6 ,67.05
161.1 ,-55.65 ,67.2
160.65 ,-56.1 ,67.2
161.54999999999998 ,-56.85 ,66.75
157.95 ,-55.8 ,66.3
157.95 ,-56.699999999999996 ,66.6
153.75 ,-57.75 ,67.35
154.5 ,-58.199999999999996 ,69.3
151.35 ,-58.65 ,68.1
151.35 ,-57.75 ,67.05
151.2 ,-58.8 ,67.35
149.85 ,-58.349999999999994 ,68.25
149.85 ,-57.449999999999996 ,68.85
149.7 ,-57.15 ,68.1
149.54999999999998 ,-55.5 ,69.0
150.29999999999998 ,-57.75 ,68.85
150.45 ,-58.05 ,68.25
150.9 ,-57.15 ,67.05
150.6 ,-56.699999999999996 ,68.85
151.2 ,-57.599999999999994 ,66.6
153.9 ,-54.3 ,68.85
155.85 ,-54.6 ,66.6
156.15 ,-54.6 ,64.64999999999999
158.85 ,-53.25 ,65.85
160.35 ,-51.75 ,64.64999999999999
163.04999999999998 ,-50.55 ,63.449999999999996
164.4 ,-49.5 ,63.3
164.85 ,-46.949999999999996 ,62.699999999999996
168.45 ,-46.8 ,62.4
169.65 ,-42.3 ,62.699999999999996
172.5 ,-40.65 ,63.3
171.6 ,-38.699999999999996 ,62.55
176.1 ,-38.55 ,62.55
177.45 ,-33.75 ,64.64999999999999
181.65 ,-32.4 ,64.64999999999999
182.7 ,-28.65 ,64.2
182.54999999999998 ,-26.849999999999998 ,65.7
184.04999999999998 ,-25.349999999999998 ,65.7
181.95 ,-24.15 ,65.39999999999999
179.54999999999998 ,-24.0 ,64.95
176.7 ,-21.15 ,64.35
175.65 ,-22.8 ,63.9
175.2 ,-19.95 ,63.9
173.85 ,-21.15 ,63.3
173.1 ,-20.849999999999998 ,62.849999999999994
172.79999999999998 ,-21.45 ,62.699999999999996
173.85 ,-20.25 ,63.3
173.4 ,-21.0 ,62.4
175.5 ,-19.95 ,64.05
177.6 ,-19.95 ,64.8
178.79999999999998 ,-18.9 ,64.8
179.4 ,-20.55 ,65.85
181.35 ,-19.95 ,65.55
182.54999999999998 ,-16.2 ,66.3
183.15 ,-16.65 ,67.5
184.2 ,-16.05 ,68.7
186.6 ,-14.7 ,70.5
188.1 ,-14.85 ,72.0
188.85 ,-12.299999999999999 ,71.7
188.85 ,-12.299999999999999 ,75.0
188.1 ,-10.95 ,74.7
190.35 ,-8.85 ,80.25
190.35 ,-8.25 ,79.5
191.54999999999998 ,-6.0 ,80.55
192.45 ,-7.05 ,84.3
193.5 ,-4.6499999999999995 ,85.64999999999999
194.1 ,-3.15 ,87.89999999999999
194.85 ,-3.15 ,88.2
194.7 ,-3.15 ,92.1
195.15 ,-1.65 ,94.35
194.1 ,-1.3499999999999999 ,96.3
196.35 ,-1.65 ,98.1
194.85 ,-1.3499999999999999 ,100.8
196.04999999999998 ,-0.3 ,103.35
195.15 ,-0.3 ,105.0
196.35 ,-0.15 ,109.35
196.04999999999998 ,-1.05 ,111.0
195.9 ,-2.25 ,112.5
194.54999999999998 ,-4.2 ,114.89999999999999
194.85 ,-3.5999999999999996 ,117.75
194.7 ,-3.9 ,117.89999999999999
195.6 ,-5.7 ,120.14999999999999
195.6 ,-6.3 ,121.64999999999999
195.6 ,-6.6 ,122.1
195.6 ,-9.45 ,123.44999999999999
195.15 ,-12.299999999999999 ,125.25
194.54999999999998 ,-11.7 ,126.6
194.1 ,-14.549999999999999 ,126.75
194.54999999999998 ,-14.7 ,128.7
194.4 ,-17.4 ,126.75
194.54999999999998 ,-16.2 ,127.94999999999999
195.15 ,-16.65 ,127.05
195.6 ,-16.65 ,127.5
195.9 ,-15.149999999999999 ,126.0
196.35 ,-13.95 ,125.85
195.45 ,-11.7 ,123.6
195.9 ,-9.6 ,121.8
197.4 ,-10.95 ,121.8
195.9 ,-5.85 ,116.55
197.1 ,-3.9 ,115.5
195.9 ,-2.25 ,110.25
195.15 ,-0.44999999999999996 ,106.35
195.45 ,-0.8999999999999999 ,103.35
195.45 ,-0.75 ,96.75
193.95 ,0.0 ,91.35
193.04999999999998 ,0.44999999999999996 ,86.25
190.65 ,-1.3499999999999999 ,86.25
190.65 ,-2.6999999999999997 ,79.35
186.9 ,-3.5999999999999996 ,76.95
182.4 ,-6.45 ,70.35
180.9 ,-9.45 ,68.55
179.54999999999998 ,-11.4 ,66.6
177.45 ,-13.35 ,63.9
174.75 ,-14.7 ,64.05
174.6 ,-17.099999999999998 ,63.15
171.15 ,-18.45 ,62.4
166.04999999999998 ,-18.45 ,61.8
161.1 ,-18.3 ,61.199999999999996
159.9 ,-19.349999999999998 ,62.4
157.65 ,-17.849999999999998 ,61.949999999999996
155.85 ,-17.849999999999998 ,62.849999999999994
153.75 ,-17.4 ,63.9
153.15 ,-17.4 ,63.3
151.04999999999998 ,-19.349999999999998 ,63.449999999999996
149.7 ,-20.25 ,65.1
148.5 ,-20.25 ,65.1
146.1 ,-16.8 ,65.85
143.1 ,-18.9 ,70.5
140.54999999999998 ,-16.65 ,69.75
141.0 ,-16.8 ,71.1
136.95 ,-16.8 ,75.0
135.6 ,-15.899999999999999 ,74.25
136.65 ,-14.7 ,75.89999999999999
134.85 ,-14.7 ,76.5
132.6 ,-14.7 ,79.05
131.7 ,-12.9 ,80.1
130.95 ,-10.95 ,84.45
129.45 ,-10.2 ,86.7
127.5 ,-7.949999999999999 ,89.7
127.5 ,-7.8 ,89.7
127.5 ,-7.8 ,90.14999999999999
125.85 ,-7.35 ,89.39999999999999
127.94999999999999 ,-7.35 ,89.85
127.94999999999999 ,-7.949999999999999 ,88.2
129.0 ,-9.0 ,88.64999999999999
128.1 ,-6.75 ,89.25
127.35 ,-7.05 ,89.7
128.7 ,-7.05 ,89.55
128.25 ,-8.25 ,86.39999999999999
130.5 ,-8.25 ,86.25
128.85 ,-8.85 ,85.05
131.1 ,-7.199999999999999 ,84.14999999999999
131.54999999999998 ,-8.549999999999999 ,80.39999999999999
132.6 ,-9.6 ,79.5
134.4 ,-10.799999999999999 ,77.85
135.29999999999998 ,-12.299999999999999 ,75.75
136.04999999999998 ,-11.7 ,74.1
137.54999999999998 ,-12.0 ,72.6
136.95 ,-12.9 ,71.7
139.65 ,-13.95 ,71.25
139.2 ,-13.65 ,71.85
139.2 ,-14.1 ,71.7
139.2 ,-13.35 ,70.35
138.15 ,-15.45 ,69.3
138.75 ,-16.65 ,70.95
137.25 ,-15.899999999999999 ,70.95
138.0 ,-17.849999999999998 ,70.35
135.9 ,-16.5 ,72.14999999999999
135.29999999999998 ,-18.9 ,70.5
135.45 ,-20.849999999999998 ,71.1
134.54999999999998 ,-22.349999999999998 ,69.75
136.04999999999998 ,-24.15 ,70.5
136.35 ,-25.2 ,69.0
135.6 ,-27.3 ,69.45
137.7 ,-29.4 ,69.75
136.79999999999998 ,-32.55 ,69.6
138.15 ,-33.75 ,67.35
139.65 ,-36.0 ,66.45
138.9 ,-36.9 ,67.5
141.15 ,-40.65 ,66.3
142.5 ,-40.35 ,65.39999999999999
146.85 ,-45.15 ,65.55
146.54999999999998 ,-49.5 ,65.85
149.1 ,-51.75 ,66.3
151.95 ,-51.9 ,66.6
152.54999999999998 ,-51.9 ,67.2
155.54999999999998 ,-55.65 ,67.5
158.1 ,-57.599999999999994 ,69.3
159.75 ,-58.949999999999996 ,67.8
162.29999999999998 ,-60.0 ,69.0
164.1 ,-61.349999999999994 ,70.8
166.04999999999998 ,-62.699999999999996 ,72.45
168.45 ,-61.8 ,71.7
168.9 ,-62.55 ,71.85
170.85 ,-62.55 ,73.5
172.79999999999998 ,-63.449999999999996 ,73.2
174.0 ,-63.449999999999996 ,72.14999999999999
174.45 ,-63.3 ,72.89999999999999
175.5 ,-62.4 ,73.95
176.25 ,-63.3 ,73.5
177.75 ,-61.949999999999996 ,75.45
177.75 ,-61.8 ,75.14999999999999
179.7 ,-64.35 ,75.75
180.15 ,-63.3 ,75.89999999999999
181.95 ,-63.75 ,77.55
181.65 ,-63.449999999999996 ,76.64999999999999
182.7 ,-63.0 ,77.1
182.4 ,-61.949999999999996 ,77.25
183.45 ,-64.35 ,80.25
183.75 ,-64.05 ,80.39999999999999
185.25 ,-64.35 ,84.14999999999999
186.9 ,-65.1 ,84.89999999999999
188.25 ,-64.95 ,87.45
189.9 ,-65.85 ,87.89999999999999
189.75 ,-66.89999999999999 ,90.3
189.6 ,-66.45 ,88.95
189.0 ,-65.7 ,89.39999999999999
189.9 ,-66.6 ,89.7
189.75 ,-65.55 ,89.85
189.6 ,-66.3 ,92.7
191.25 ,-66.45 ,91.95
192.0 ,-65.25 ,91.64999999999999
191.25 ,-65.1 ,91.35
191.1 ,-65.85 ,92.55
191.54999999999998 ,-63.449999999999996 ,90.14999999999999
190.65 ,-63.9 ,88.8
191.54999999999998 ,-64.05 ,89.85
191.54999999999998 ,-61.949999999999996 ,88.8
193.35 ,-61.8 ,88.64999999999999
191.54999999999998 ,-62.099999999999994 ,86.7
191.85 ,-63.15 ,86.55
192.75 ,-62.4 ,85.5
192.29999999999998 ,-61.949999999999996 ,85.05
191.85 ,-63.449999999999996 ,84.89999999999999
190.2 ,-64.35 ,84.0
189.6 ,-64.5 ,87.3
189.45 ,-64.95 ,86.39999999999999
189.45 ,-66.45 ,87.45
190.35 ,-64.35 ,89.25
191.7 ,-65.7 ,90.89999999999999
190.95 ,-65.55 ,93.6
191.7 ,-65.55 ,93.3
192.75 ,-65.7 ,95.39999999999999
193.2 ,-64.95 ,97.5
193.2 ,-66.6 ,98.55
192.75 ,-66.89999999999999 ,100.35
193.04999999999998 ,-67.05 ,100.35
192.6 ,-68.39999999999999 ,105.45
191.85 ,-67.5 ,110.39999999999999
191.25 ,-68.1 ,111.3
190.95 ,-67.2 ,112.5
190.35 ,-66.14999999999999 ,115.94999999999999
188.4 ,-65.25 ,116.55
190.95 ,-65.1 ,117.44999999999999
190.5 ,-64.5 ,118.8
190.5 ,-64.35 ,121.64999999999999
191.25 ,-63.75 ,121.94999999999999
191.54999999999998 ,-60.9 ,124.19999999999999
190.5 ,-60.599999999999994 ,124.35
190.95 ,-59.849999999999994 ,124.8
189.6 ,-59.849999999999994 ,124.8
190.5 ,-60.15 ,124.8
189.15 ,-59.849999999999994 ,128.25
186.9 ,-60.15 ,128.1
186.29999999999998 ,-58.349999999999994 ,131.25
187.04999999999998 ,-57.0 ,132.6
185.25 ,-56.4 ,133.95
182.54999999999998 ,-54.9 ,135.45
181.65 ,-54.9 ,135.45
180.6 ,-52.35 ,138.6
177.45 ,-52.65 ,140.1
177.29999999999998 ,-48.15 ,141.75
174.6 ,-49.949999999999996 ,142.35
174.15 ,-48.6 ,142.79999999999998
168.45 ,-47.699999999999996 ,143.54999999999998
167.25 ,-46.65 ,143.54999999999998
161.85 ,-44.4 ,143.25
158.4 ,-43.199999999999996 ,144.15
154.65 ,-42.9 ,143.7
152.7 ,-42.3 ,143.7
149.54999999999998 ,-40.05 ,141.9
146.1 ,-38.55 ,141.6
143.4 ,-38.1 ,141.6
140.1 ,-36.15 ,138.6
136.95 ,-34.199999999999996 ,137.1
131.7 ,-29.849999999999998 ,132.6
129.6 ,-29.25 ,131.4
127.94999999999999 ,-24.0 ,127.35
124.19999999999999 ,-24.3 ,123.89999999999999
123.44999999999999 ,-23.099999999999998 ,121.05
121.64999999999999 ,-19.65 ,118.5
121.8 ,-20.4 ,118.5
121.64999999999999 ,-18.3 ,114.45
121.94999999999999 ,-18.0 ,114.0
121.19999999999999 ,-16.8 ,111.0
119.69999999999999 ,-18.599999999999998 ,108.89999999999999
120.14999999999999 ,-16.05 ,108.14999999999999
121.05 ,-15.45 ,105.14999999999999
120.89999999999999 ,-16.65 ,103.95
120.6 ,-16.65 ,101.39999999999999
120.44999999999999 ,-15.149999999999999 ,100.05
120.44999999999999 ,-14.85 ,99.6
121.64999999999999 ,-13.95 ,98.55
121.05 ,-13.35 ,99.0
122.69999999999999 ,-12.75 ,98.1
121.64999999999999 ,-13.95 ,100.2
120.89999999999999 ,-12.9 ,99.0
121.19999999999999 ,-12.299999999999999 ,99.3
121.64999999999999 ,-13.95 ,99.6
121.5 ,-12.15 ,101.7
122.25 ,-11.549999999999999 ,104.25
121.5 ,-9.9 ,106.64999999999999
121.94999999999999 ,-9.9 ,111.75
121.94999999999999 ,-9.9 ,116.25
124.8 ,-11.4 ,119.85
125.1 ,-11.4 ,124.05
128.4 ,-11.549999999999999 ,125.69999999999999
131.25 ,-11.1 ,132.45
137.25 ,-12.0 ,135.45
138.0 ,-10.2 ,138.0
146.54999999999998 ,-9.0 ,140.1
151.79999999999998 ,-9.75 ,141.15
155.54999999999998 ,-8.549999999999999 ,142.79999999999998
160.5 ,-10.2 ,142.79999999999998
165.45 ,-10.95 ,142.35
169.79999999999998 ,-11.1 ,141.75
169.79999999999998 ,-13.65 ,141.75
178.2 ,-16.2 ,140.54999999999998
180.9 ,-19.05 ,139.04999999999998
187.79999999999998 ,-20.849999999999998 ,136.5
188.85 ,-24.9 ,133.5
194.7 ,-29.25 ,130.79999999999998
197.7 ,-29.4 ,127.19999999999999
200.4 ,-33.6 ,122.39999999999999
201.9 ,-35.699999999999996 ,119.85
204.15 ,-37.199999999999996 ,115.8
205.5 ,-39.449999999999996 ,112.64999999999999
205.95 ,-42.449999999999996 ,104.7
205.95 ,-44.55 ,102.75
204.6 ,-46.8 ,97.5
203.1 ,-48.9 ,94.05
202.04999999999998 ,-50.1 ,89.85
200.85 ,-49.8 ,86.25
198.45 ,-50.4 ,85.2
197.1 ,-50.699999999999996 ,82.5
195.9 ,-52.5 ,80.25
195.15 ,-53.25 ,78.75
191.1 ,-52.949999999999996 ,74.25
189.6 ,-52.949999999999996 ,72.6
186.75 ,-49.35 ,70.5
184.04999999999998 ,-47.25 ,67.5
182.54999999999998 ,-43.8 ,66.45
181.2 ,-42.6 ,65.39999999999999
179.85 ,-39.3 ,63.599999999999994
180.45 ,-37.5 ,61.949999999999996
179.4 ,-37.949999999999996 ,63.9
178.79999999999998 ,-34.949999999999996 ,61.349999999999994
177.45 ,-35.1 ,63.3
178.35 ,-31.65 ,62.099999999999994
177.45 ,-28.5 ,62.4
176.85 ,-27.45 ,62.099999999999994
177.75 ,-25.65 ,61.199999999999996
177.0 ,-22.95 ,63.449999999999996
176.7 ,-23.099999999999998 ,63.3
179.1 ,-22.2 ,63.15
177.0 ,-21.0 ,63.3
178.79999999999998 ,-22.349999999999998 ,61.8
178.95 ,-18.45 ,64.35
178.5 ,-19.8 ,64.95
179.4 ,-16.65 ,64.2
179.1 ,-15.45 ,64.2
179.4 ,-15.149999999999999 ,64.05
178.5 ,-14.1 ,62.849999999999994
179.1 ,-14.1 ,64.35
179.1 ,-15.899999999999999 ,63.9
179.54999999999998 ,-14.1 ,61.949999999999996
178.95 ,-16.8 ,63.15
178.04999999999998 ,-16.05 ,63.3
178.5 ,-18.0 ,61.199999999999996
176.85 ,-21.45 ,61.199999999999996
175.5 ,-24.75 ,60.449999999999996
175.2 ,-30.599999999999998 ,58.5
175.35 ,-30.599999999999998 ,58.8
171.9 ,-38.55 ,60.3
170.25 ,-39.9 ,60.3
168.0 ,-46.8 ,62.55
165.9 ,-49.949999999999996 ,63.3
163.5 ,-55.65 ,64.8
161.25 ,-58.199999999999996 ,68.1
161.25 ,-61.5 ,71.1
156.9 ,-64.64999999999999 ,72.6
155.25 ,-64.05 ,74.7
154.04999999999998 ,-67.5 ,78.3
151.65 ,-68.25 ,83.1
149.54999999999998 ,-70.95 ,83.25
148.35 ,-71.55 ,84.45
146.25 ,-73.35 ,88.64999999999999
145.5 ,-72.0 ,90.45
145.35 ,-72.45 ,93.89999999999999
142.5 ,-72.89999999999999 ,97.35
141.75 ,-72.89999999999999 ,102.14999999999999
141.29999999999998 ,-71.85 ,106.35
139.79999999999998 ,-71.85 ,108.0
139.5 ,-70.8 ,111.0
140.4 ,-69.3 ,113.25
138.45 ,-68.7 ,118.5
140.4 ,-66.14999999999999 ,122.1
139.65 ,-62.55 ,125.25
136.95 ,-60.15 ,127.05
137.25 ,-58.8 ,130.2
137.4 ,-54.449999999999996 ,131.1
137.7 ,-51.449999999999996 ,134.4
135.45 ,-46.949999999999996 ,136.35
134.54999999999998 ,-44.25 ,135.45
135.6 ,-40.05 ,136.35
134.85 ,-36.9 ,135.6
133.2 ,-33.15 ,136.65
133.2 ,-29.7 ,136.2
132.29999999999998 ,-27.75 ,134.25
131.54999999999998 ,-22.2 ,134.4
131.54999999999998 ,-19.349999999999998 ,132.45
131.85 ,-13.35 ,128.25
129.15 ,-12.299999999999999 ,125.69999999999999
127.35 ,-9.15 ,121.64999999999999
127.5 ,-3.3 ,115.94999999999999
128.85 ,-0.44999999999999996 ,112.35
128.25 ,-0.3 ,106.5
129.75 ,1.65 ,101.85
130.5 ,2.6999999999999997 ,97.8
132.45 ,3.4499999999999997 ,93.89999999999999
133.95 ,4.2 ,91.2
135.6 ,4.05 ,90.3
138.45 ,6.3 ,85.95
140.54999999999998 ,4.5 ,82.5
141.75 ,2.55 ,78.89999999999999
142.65 ,1.3499999999999999 ,75.6
145.35 ,0.75 ,73.64999999999999
148.04999999999998 ,0.3 ,72.75
148.35 ,-1.95 ,71.1
150.9 ,-3.9 ,68.55
151.65 ,-3.5999999999999996 ,67.95
151.95 ,-7.35 ,65.85
154.79999999999998 ,-9.45 ,65.55
154.5 ,-10.35 ,63.9
155.85 ,-12.75 ,62.55
155.54999999999998 ,-14.25 ,63.449999999999996
156.0 ,-16.5 ,61.05
155.25 ,-17.25 ,61.8
156.75 ,-18.3 ,62.099999999999994
156.6 ,-17.099999999999998 ,61.65
156.15 ,-18.0 ,61.349999999999994
156.29999999999998 ,-18.9 ,61.349999999999994
156.15 ,-16.5 ,63.449999999999996
155.54999999999998 ,-14.1 ,63.15
153.9 ,-10.5 ,65.39999999999999
154.65 ,-9.0 ,66.45
153.45 ,-6.75 ,66.45
152.25 ,-2.55 ,70.95
152.25 ,2.6999999999999997 ,74.1
149.54999999999998 ,4.05 ,80.1
148.35 ,6.3 ,82.64999999999999
146.54999999999998 ,9.45 ,88.2
146.1 ,10.95 ,91.8
145.95 ,11.4 ,98.55
144.45 ,12.0 ,103.5
143.85 ,12.6 ,103.5
145.2 ,10.35 ,114.3
144.75 ,8.25 ,118.8
144.75 ,7.35 ,123.89999999999999
146.1 ,4.2 ,128.1
145.35 ,2.1 ,131.1
146.7 ,0.44999999999999996 ,133.35
148.35 ,-0.3 ,136.95
151.79999999999998 ,-6.45 ,139.79999999999998
150.9 ,-8.85 ,141.0
153.29999999999998 ,-13.049999999999999 ,144.45
157.35 ,-18.599999999999998 ,145.5
159.9 ,-25.95 ,147.0
162.45 ,-31.799999999999997 ,147.45
164.4 ,-34.949999999999996 ,146.7
168.15 ,-41.699999999999996 ,144.75
171.75 ,-41.4 ,141.29999999999998
176.85 ,-52.949999999999996 ,139.5
177.45 ,-56.699999999999996 ,135.9
180.45 ,-60.9 ,128.7
184.65 ,-62.55 ,123.3
187.35 ,-64.64999999999999 ,116.69999999999999
190.95 ,-66.89999999999999 ,111.14999999999999
191.1 ,-66.6 ,103.35
192.75 ,-67.05 ,98.7
192.45 ,-65.7 ,96.45
193.2 ,-63.0 ,89.85
193.2 ,-60.0 ,87.3
191.25 ,-58.199999999999996 ,80.25
192.29999999999998 ,-54.3 ,78.6
191.25 ,-53.55 ,74.85
191.54999999999998 ,-49.35 ,72.14999999999999
191.7 ,-46.05 ,70.05
189.75 ,-43.5 ,69.3
188.1 ,-42.3 ,67.2
186.9 ,-39.15 ,66.6
186.29999999999998 ,-36.9 ,66.3
184.95 ,-35.4 ,63.599999999999994
183.29999999999998 ,-32.4 ,64.64999999999999
183.9 ,-31.95 ,63.9
183.29999999999998 ,-31.799999999999997 ,63.3
184.04999999999998 ,-33.75 ,63.449999999999996
181.79999999999998 ,-35.699999999999996 ,63.599999999999994
180.45 ,-39.15 ,62.4
179.7 ,-42.6 ,63.15
178.04999999999998 ,-46.8 ,63.599999999999994
174.75 ,-52.65 ,64.05
171.29999999999998 ,-53.85 ,65.1
171.15 ,-53.85 ,64.35
166.95 ,-58.949999999999996 ,66.3
164.4 ,-57.75 ,68.1
157.95 ,-60.75 ,69.0
156.29999999999998 ,-61.349999999999994 ,70.5
150.29999999999998 ,-62.699999999999996 ,70.95
147.75 ,-61.5 ,71.7
144.0 ,-60.9 ,73.64999999999999
141.15 ,-58.8 ,74.25
139.5 ,-57.0 ,75.45
137.25 ,-55.5 ,75.45
136.04999999999998 ,-55.5 ,78.3
131.85 ,-52.949999999999996 ,79.35
130.79999999999998 ,-52.5 ,80.85
129.6 ,-52.65 ,81.75
127.5 ,-52.35 ,84.89999999999999
126.89999999999999 ,-51.449999999999996 ,85.95
124.8 ,-52.35 ,88.64999999999999
124.8 ,-53.55 ,92.39999999999999
123.0 ,-52.5 ,94.2
123.3 ,-50.85 ,98.25
121.19999999999999 ,-48.75 ,101.25
121.05 ,-47.25 ,103.95
120.3 ,-44.1 ,106.95
120.89999999999999 ,-41.4 ,105.89999999999999
118.35 ,-37.35 ,107.55
118.64999999999999 ,-34.8 ,109.35
118.64999999999999 ,-29.4 ,111.14999999999999
120.44999999999999 ,-26.099999999999998 ,112.05
120.3 ,-22.05 ,114.0
122.25 ,-16.8 ,115.19999999999999
122.69999999999999 ,-13.049999999999999 ,111.6
125.1 ,-8.25 ,110.55
124.19999999999999 ,-6.0 ,110.39999999999999
128.1 ,-4.05 ,110.85
128.1 ,-1.95 ,108.14999999999999
128.4 ,-2.1 ,109.64999999999999
130.5 ,1.05 ,108.3
130.95 ,4.5 ,105.89999999999999
133.95 ,6.6 ,103.95
136.79999999999998 ,5.25 ,102.6
137.54999999999998 ,7.05 ,102.45
138.75 ,7.6499999999999995 ,100.35
140.85 ,8.25 ,97.5
142.65 ,9.6 ,95.39999999999999
143.1 ,10.5 ,92.39999999999999
145.95 ,12.9 ,89.39999999999999
146.85 ,12.15 ,88.64999999999999
149.4 ,10.799999999999999 ,88.64999999999999
148.2 ,10.799999999999999 ,87.0
148.79999999999998 ,9.0 ,81.89999999999999
150.29999999999998 ,7.05 ,78.6
151.04999999999998 ,5.3999999999999995 ,77.55
151.65 ,2.55 ,74.7
150.15 ,0.15 ,73.35
150.9 ,-1.5 ,71.1
151.04999999999998 ,-2.6999999999999997 ,70.2
150.29999999999998 ,-6.0 ,67.8
149.85 ,-7.8 ,67.35
151.2 ,-11.7 ,65.7
150.29999999999998 ,-13.35 ,65.85
150.9 ,-12.75 ,65.39999999999999
151.04999999999998 ,-15.149999999999999 ,64.35
150.29999999999998 ,-14.85 ,64.35
149.54999999999998 ,-13.5 ,65.7
150.15 ,-12.75 ,65.55
148.95 ,-9.75 ,65.55
149.1 ,-8.25 ,69.6
148.5 ,-2.1 ,71.25
147.45 ,0.15 ,76.5
147.45 ,6.3 ,81.89999999999999
147.6 ,9.0 ,84.89999999999999
146.1 ,12.15 ,93.6
148.5 ,12.75 ,99.6
148.04999999999998 ,14.549999999999999 ,108.3
149.85 ,11.7 ,117.3
151.79999999999998 ,11.7 ,124.8
156.0 ,8.549999999999999 ,131.1
161.25 ,3.4499999999999997 ,135.15
167.25 ,-3.9 ,138.9
173.4 ,-6.6 ,140.4
174.6 ,-10.5 ,141.9
179.4 ,-19.349999999999998 ,143.54999999999998
181.79999999999998 ,-24.0 ,141.0
185.85 ,-30.599999999999998 ,141.9
186.29999999999998 ,-30.599999999999998 ,139.5
188.7 ,-42.6 ,134.1
189.45 ,-45.15 ,131.25
191.85 ,-53.699999999999996 ,126.44999999999999
193.5 ,-54.6 ,124.8
194.1 ,-59.55 ,119.39999999999999
193.04999999999998 ,-62.099999999999994 ,115.5
194.4 ,-63.0 ,108.14999999999999
193.04999999999998 ,-64.95 ,101.25
192.75 ,-65.55 ,93.14999999999999
192.29999999999998 ,-64.5 ,87.3
189.9 ,-63.15 ,81.3
186.75 ,-60.15 ,76.2
185.54999999999998 ,-57.75 ,75.6
184.2 ,-55.199999999999996 ,71.25
182.25 ,-51.9 ,70.35
180.6 ,-49.199999999999996 ,67.2
180.45 ,-47.25 ,65.85
178.79999999999998 ,-43.65 ,64.64999999999999
178.5 ,-41.85 ,64.8
179.1 ,-39.75 ,62.699999999999996
178.5 ,-35.699999999999996 ,62.099999999999994
177.29999999999998 ,-34.949999999999996 ,62.099999999999994
175.35 ,-33.0 ,62.699999999999996
177.0 ,-33.449999999999996 ,60.599999999999994
174.6 ,-34.949999999999996 ,61.349999999999994
173.7 ,-37.199999999999996 ,60.9
172.79999999999998 ,-38.25 ,60.9
171.9 ,-41.699999999999996 ,60.15
171.75 ,-43.8 ,59.699999999999996
168.0 ,-46.8 ,60.599999999999994
164.7 ,-49.199999999999996 ,61.8
157.95 ,-51.3 ,62.4
153.15 ,-50.85 ,61.65
150.29999999999998 ,-49.949999999999996 ,63.9
146.25 ,-46.8 ,64.35
142.35 ,-45.6 ,66.45
138.29999999999998 ,-43.5 ,66.45
138.0 ,-44.4 ,69.45
132.75 ,-41.85 ,70.35
130.95 ,-40.05 ,71.7
127.05 ,-36.6 ,74.85
127.5 ,-37.8 ,74.85
126.0 ,-31.95 ,78.14999999999999
123.89999999999999 ,-28.349999999999998 ,80.39999999999999
122.69999999999999 ,-26.099999999999998 ,84.14999999999999
121.64999999999999 ,-23.55 ,85.95
122.25 ,-21.45 ,87.89999999999999
120.14999999999999 ,-17.099999999999998 ,91.05
121.94999999999999 ,-13.35 ,94.05
122.69999999999999 ,-9.6 ,96.0
123.75 ,-7.8 ,96.0
124.5 ,-1.95 ,99.75
128.25 ,-2.25 ,99.75
128.7 ,-0.15 ,103.95
129.75 ,1.95 ,103.95
131.85 ,4.05 ,104.39999999999999
134.1 ,6.75 ,106.64999999999999
135.9 ,6.75 ,107.1
137.54999999999998 ,9.0 ,106.95
137.7 ,7.8 ,107.55
141.9 ,10.2 ,107.85
142.5 ,12.0 ,107.85
145.95 ,12.75 ,107.1
147.45 ,15.45 ,108.14999999999999
149.54999999999998 ,14.549999999999999 ,104.25
151.35 ,15.299999999999999 ,102.6
152.7 ,14.25 ,103.64999999999999
153.15 ,15.75 ,100.05
153.15 ,14.25 ,101.1
155.54999999999998 ,14.1 ,97.35
155.25 ,16.5 ,97.8
157.04999999999998 ,15.45 ,97.05
157.65 ,15.45 ,97.05
157.65 ,14.85 ,92.85
159.45 ,14.85 ,91.95
159.75 ,14.85 ,90.6
159.45 ,14.1 ,90.14999999999999
160.2 ,11.4 ,86.7
158.1 ,12.0 ,87.0
158.1 ,11.549999999999999 ,86.39999999999999
154.2 ,10.2 ,86.25
151.79999999999998 ,9.0 ,85.95
149.4 ,6.6 ,87.75
148.2 ,9.45 ,86.7
148.79999999999998 ,6.45 ,83.25
145.79999999999998 ,6.6 ,83.1
144.9 ,5.85 ,81.0
142.95 ,3.3 ,81.6
142.65 ,1.95 ,81.6
141.15 ,2.85 ,82.05
141.29999999999998 ,3.9 ,81.6
139.79999999999998 ,2.1 ,82.5
138.75 ,3.4499999999999997 ,82.05
138.29999999999998 ,3.3 ,83.55
138.75 ,4.2 ,85.2
138.15 ,2.6999999999999997 ,84.45
140.1 ,4.5 ,86.25
138.29999999999998 ,4.8 ,85.5
139.2 ,5.85 ,86.39999999999999
140.25 ,7.8 ,89.39999999999999
141.9 ,8.549999999999999 ,94.95
141.15 ,9.0 ,96.75
143.4 ,10.95 ,101.39999999999999
145.95 ,12.6 ,106.35
147.6 ,13.35 ,108.75
148.5 ,12.299999999999999 ,115.05
150.15 ,12.9 ,118.5
155.4 ,12.15 ,123.6
157.95 ,10.95 ,125.85
158.7 ,10.95 ,128.85
162.6 ,7.35 ,129.6
165.45 ,6.3 ,133.2
169.79999999999998 ,1.5 ,134.1
174.0 ,0.44999999999999996 ,136.2
175.35 ,-2.6999999999999997 ,137.54999999999998
179.54999999999998 ,-10.2 ,139.35
181.04999999999998 ,-13.049999999999999 ,140.25
182.25 ,-16.8 ,138.29999999999998
184.95 ,-22.95 ,139.65
187.5 ,-28.349999999999998 ,139.79999999999998
188.4 ,-27.75 ,135.75
190.95 ,-38.1 ,133.65
189.75 ,-40.949999999999996 ,133.65
194.4 ,-48.75 ,127.5
194.85 ,-53.25 ,119.25
195.45 ,-59.25 ,110.1
194.85 ,-61.199999999999996 ,105.14999999999999
195.29999999999998 ,-61.5 ,98.1
194.7 ,-60.9 ,91.05
192.6 ,-60.3 ,85.64999999999999
191.25 ,-59.849999999999994 ,84.14999999999999
190.35 ,-57.599999999999994 ,78.75
187.5 ,-56.4 ,74.25
187.35 ,-53.55 ,72.6
184.95 ,-50.85 ,68.7
183.15 ,-49.35 ,66.0
182.54999999999998 ,-40.35 ,63.3
181.79999999999998 ,-37.949999999999996 ,61.199999999999996
179.4 ,-33.75 ,61.05
179.54999999999998 ,-31.5 ,61.65
178.2 ,-31.049999999999997 ,60.599999999999994
178.5 ,-31.2 ,62.099999999999994
179.85 ,-32.85 ,61.05
180.45 ,-31.95 ,60.9
176.7 ,-36.3 ,59.849999999999994
177.29999999999998 ,-37.199999999999996 ,61.199999999999996
176.25 ,-43.5 ,60.9
170.1 ,-46.8 ,61.65
168.0 ,-48.9 ,60.449999999999996
163.2 ,-50.699999999999996 ,63.449999999999996
157.95 ,-51.9 ,63.3
151.04999999999998 ,-53.25 ,64.95
147.75 ,-51.3 ,64.95
142.04999999999998 ,-49.8 ,67.35
137.7 ,-47.55 ,70.05
135.15 ,-48.0 ,70.95
132.45 ,-44.1 ,74.39999999999999
130.95 ,-42.449999999999996 ,75.14999999999999
126.3 ,-39.15 ,78.6
124.05 ,-38.1 ,78.6
124.19999999999999 ,-33.0 ,84.89999999999999
122.25 ,-28.799999999999997 ,85.05
119.85 ,-25.5 ,89.7
119.39999999999999 ,-20.25 ,91.35
119.39999999999999 ,-18.3 ,94.05
120.89999999999999 ,-13.65 ,97.35
122.69999999999999 ,-10.5 ,97.8
124.5 ,-5.3999999999999995 ,99.45
126.3 ,-5.3999999999999995 ,99.0
127.5 ,-1.3499999999999999 ,101.25
129.0 ,1.05 ,101.7
132.0 ,4.8 ,104.39999999999999
133.79999999999998 ,6.75 ,104.39999999999999
135.29999999999998 ,7.949999999999999 ,105.75
138.29999999999998 ,7.949999999999999 ,104.39999999999999
141.0 ,10.5 ,105.45
143.1 ,12.6 ,104.39999999999999
144.15 ,11.7 ,105.14999999999999
147.0 ,13.5 ,106.64999999999999
149.4 ,13.95 ,105.14999999999999
151.79999999999998 ,13.65 ,103.5
153.15 ,13.95 ,104.39999999999999
153.45 ,15.149999999999999 ,103.95
155.54999999999998 ,15.149999999999999 ,100.2
156.0 ,15.149999999999999 ,100.95
158.25 ,15.75 ,100.95
159.9 ,15.45 ,99.6
160.65 ,14.7 ,99.6
161.85 ,15.149999999999999 ,101.25
163.04999999999998 ,15.75 ,102.0
164.4 ,16.65 ,102.14999999999999
165.9 ,18.0 ,102.14999999999999
165.6 ,14.25 ,103.35
164.7 ,14.7 ,107.25
165.9 ,13.35 ,106.2
165.9 ,14.25 ,110.39999999999999
162.75 ,12.75 ,114.0
162.75 ,13.95 ,117.14999999999999
161.1 ,12.0 ,119.55
158.4 ,9.9 ,124.35
159.15 ,7.8 ,130.5
158.7 ,5.85 ,130.35
159.15 ,3.15 ,132.6
158.85 ,0.8999999999999999 ,135.0
159.15 ,-2.55 ,140.54999999999998
159.9 ,-5.7 ,141.0
162.45 ,-10.95 ,143.25
162.45 ,-14.25 ,144.75
164.7 ,-16.05 ,145.65
164.1 ,-22.8 ,145.5
164.1 ,-28.05 ,145.5
167.4 ,-30.299999999999997 ,146.25
168.0 ,-36.0 ,145.65
168.45 ,-38.1 ,142.5
168.29999999999998 ,-45.6 ,142.65
169.2 ,-48.3 ,140.85
170.54999999999998 ,-53.699999999999996 ,138.15
169.2 ,-58.349999999999994 ,136.5
170.1 ,-63.449999999999996 ,131.85
172.04999999999998 ,-64.5 ,128.1
171.15 ,-67.05 ,124.8
172.65 ,-69.6 ,119.69999999999999
172.5 ,-70.64999999999999 ,114.3
174.9 ,-72.75 ,112.05
174.45 ,-72.6 ,107.1
173.7 ,-73.2 ,100.5
174.9 ,-73.2 ,95.39999999999999
175.95 ,-70.8 ,90.45
176.54999999999998 ,-69.6 ,87.3
177.0 ,-69.3 ,80.85
175.95 ,-65.25 ,78.6
176.1 ,-64.05 ,78.6
176.25 ,-61.199999999999996 ,73.95
176.1 ,-58.349999999999994 ,71.25
176.7 ,-54.6 ,68.85
176.1 ,-50.4 ,67.8
175.65 ,-48.75 ,67.35
176.54999999999998 ,-46.8 ,64.05
176.54999999999998 ,-43.5 ,63.599999999999994
175.65 ,-42.9 ,60.3
177.6 ,-41.699999999999996 ,63.3
174.6 ,-42.449999999999996 ,62.55
172.65 ,-43.65 ,62.55
173.1 ,-45.0 ,61.8
170.85 ,-48.0 ,62.849999999999994
169.2 ,-48.0 ,63.3
165.9 ,-50.4 ,62.849999999999994
161.54999999999998 ,-52.5 ,65.1
159.6 ,-53.85 ,63.599999999999994
157.04999999999998 ,-55.05 ,64.95
147.75 ,-51.15 ,65.55
143.85 ,-53.85 ,65.55
135.6 ,-47.699999999999996 ,70.2
131.25 ,-42.449999999999996 ,72.75
128.7 ,-34.8 ,75.0
125.55 ,-33.449999999999996 ,75.6
124.64999999999999 ,-29.7 ,79.5
123.0 ,-24.9 ,81.0
122.55 ,-23.55 ,83.55
121.64999999999999 ,-19.8 ,85.05
123.44999999999999 ,-18.9 ,88.5
121.19999999999999 ,-14.1 ,91.95
122.25 ,-14.549999999999999 ,95.85
122.55 ,-7.35 ,99.3
124.64999999999999 ,-5.7 ,99.3
125.25 ,-2.6999999999999997 ,100.5
125.39999999999999 ,-1.95 ,101.25
127.5 ,0.0 ,104.85
129.0 ,0.75 ,106.2
129.45 ,3.5999999999999996 ,107.25
129.75 ,2.85 ,108.89999999999999
133.79999999999998 ,6.3 ,110.25
135.29999999999998 ,7.35 ,109.05
137.7 ,7.05 ,108.75
138.45 ,8.4 ,108.14999999999999
139.04999999999998 ,9.15 ,108.6
141.6 ,10.35 ,110.1
142.5 ,11.1 ,111.0
142.65 ,11.7 ,111.0
143.85 ,10.5 ,112.35
144.75 ,11.7 ,108.3
143.25 ,12.299999999999999 ,109.5
143.4 ,8.25 ,110.1
139.79999999999998 ,10.35 ,111.0
139.65 ,9.75 ,111.0
138.9 ,8.549999999999999 ,111.6
139.04999999999998 ,7.949999999999999 ,113.1
138.29999999999998 ,7.8 ,114.89999999999999
139.2 ,6.0 ,117.3
138.9 ,5.1 ,119.39999999999999
141.6 ,4.2 ,123.89999999999999
140.54999999999998 ,5.25 ,126.44999999999999
145.5 ,3.3 ,128.85
147.45 ,2.85 ,128.7
149.54999999999998 ,1.3499999999999999 ,133.95
151.95 ,0.75 ,134.1
156.29999999999998 ,-0.8999999999999999 ,137.85
161.54999999999998 ,-3.5999999999999996 ,137.54999999999998
163.04999999999998 ,-3.5999999999999996 ,138.29999999999998
172.5 ,-6.3 ,139.04999999999998
176.7 ,-7.949999999999999 ,136.5
181.95 ,-11.7 ,136.5
186.75 ,-16.05 ,136.35
189.6 ,-18.45 ,133.2
191.1 ,-22.95 ,133.2
195.45 ,-28.05 ,128.54999999999998
197.54999999999998 ,-32.25 ,125.85
201.6 ,-35.699999999999996 ,120.44999999999999
203.1 ,-41.25 ,113.7
202.5 ,-43.65 ,107.55
203.4 ,-46.35 ,100.35
203.7 ,-46.949999999999996 ,92.1
200.54999999999998 ,-49.8 ,88.8
198.75 ,-48.9 ,84.75
197.4 ,-47.25 ,76.95
191.7 ,-45.15 ,75.14999999999999
188.7 ,-43.8 ,69.3
186.0 ,-44.85 ,65.55
186.0 ,-41.1 ,64.64999999999999
180.29999999999998 ,-40.5 ,62.699999999999996
178.2 ,-37.949999999999996 ,61.05
176.7 ,-35.55 ,60.15
175.5 ,-31.95 ,60.15
174.9 ,-31.95 ,58.8
172.35 ,-30.299999999999997 ,59.55
171.0 ,-29.849999999999998 ,57.75
170.54999999999998 ,-29.7 ,59.4
170.54999999999998 ,-30.599999999999998 ,59.25
169.5 ,-36.0 ,58.8
168.9 ,-37.35 ,58.05
168.15 ,-41.4 ,60.3
164.4 ,-44.1 ,59.849999999999994
162.75 ,-48.0 ,59.849999999999994
158.85 ,-49.35 ,63.15
154.79999999999998 ,-52.05 ,63.599999999999994
149.7 ,-53.699999999999996 ,65.55
145.95 ,-54.449999999999996 ,67.95
142.35 ,-54.3 ,68.1
140.1 ,-54.3 ,72.89999999999999
134.7 ,-51.9 ,75.75
133.35 ,-50.4 ,74.85
131.54999999999998 ,-48.0 ,77.85
127.05 ,-46.8 ,81.75
124.5 ,-43.5 ,84.45
123.0 ,-41.699999999999996 ,84.45
121.64999999999999 ,-37.199999999999996 ,88.95
120.14999999999999 ,-31.799999999999997 ,90.89999999999999
119.85 ,-27.75 ,93.6
119.55 ,-23.7 ,96.3
118.94999999999999 ,-18.599999999999998 ,97.8
121.8 ,-17.099999999999998 ,100.8
121.64999999999999 ,-15.149999999999999 ,101.25
124.5 ,-9.0 ,103.95
126.3 ,-7.05 ,103.2
126.3 ,-4.6499999999999995 ,106.5
128.85 ,-0.3 ,108.0
130.95 ,2.1 ,108.75
134.54999999999998 ,6.0 ,110.1
135.45 ,7.199999999999999 ,108.89999999999999
138.0 ,8.4 ,108.0
139.65 ,9.6 ,110.55
144.0 ,11.4 ,108.75
143.85 ,9.75 ,108.75
145.95 ,13.5 ,108.3
148.5 ,13.95 ,108.6
148.5 ,14.1 ,106.64999999999999
151.79999999999998 ,14.25 ,105.89999999999999
150.6 ,14.85 ,106.2
149.7 ,12.9 ,105.0
149.1 ,15.149999999999999 ,102.45
149.85 ,14.549999999999999 ,100.2
147.29999999999998 ,13.049999999999999 ,101.39999999999999
144.9 ,12.15 ,100.5
144.45 ,13.5 ,101.1
144.45 ,11.7 ,98.1
143.1 ,10.2 ,99.0
140.25 ,11.1 ,105.89999999999999
138.0 ,7.199999999999999 ,105.6
137.54999999999998 ,7.949999999999999 ,105.75
136.95 ,7.8 ,107.85
137.25 ,7.199999999999999 ,109.64999999999999
137.4 ,6.45 ,111.6
136.35 ,5.7 ,114.89999999999999
139.04999999999998 ,7.6499999999999995 ,117.44999999999999
140.85 ,7.05 ,119.25
141.9 ,5.85 ,123.14999999999999
143.25 ,5.7 ,125.69999999999999
144.75 ,3.5999999999999996 ,126.75
146.54999999999998 ,3.4499999999999997 ,130.5
146.7 ,1.3499999999999999 ,131.25
151.04999999999998 ,2.1 ,133.65
151.35 ,1.95 ,134.7
151.04999999999998 ,2.25 ,135.15
151.35 ,0.3 ,135.0
152.4 ,-0.75 ,136.95
152.54999999999998 ,-1.5 ,135.9
152.25 ,-1.5 ,135.9
150.45 ,-2.1 ,136.2
150.45 ,-1.65 ,135.45
148.95 ,-0.3 ,134.85
150.29999999999998 ,-1.5 ,136.35
148.95 ,-0.44999999999999996 ,133.65
149.1 ,-0.75 ,133.5
147.75 ,-0.15 ,133.95
148.95 ,0.8999999999999999 ,133.65
149.4 ,0.44999999999999996 ,132.75
151.35 ,1.3499999999999999 ,133.2
149.54999999999998 ,2.1 ,130.5
150.9 ,4.8 ,129.0
149.4 ,4.8 ,128.85
153.0 ,9.15 ,126.44999999999999
153.45 ,8.85 ,123.6
153.75 ,11.4 ,121.19999999999999
153.0 ,11.4 ,120.3
152.7 ,13.049999999999999 ,119.39999999999999
150.6 ,11.4 ,119.55
150.45 ,11.7 ,117.75
149.4 ,12.6 ,116.55
148.2 ,12.0 ,114.3
146.7 ,12.0 ,112.8
144.6 ,12.15 ,112.5
143.7 ,10.95 ,111.0
141.9 ,10.5 ,111.14999999999999
140.85 ,12.15 ,111.3
141.29999999999998 ,10.35 ,110.1
141.29999999999998 ,11.1 ,110.1
141.9 ,9.75 ,109.8
141.15 ,10.5 ,112.5
142.04999999999998 ,9.15 ,113.7
143.25 ,11.7 ,115.64999999999999
143.85 ,9.15 ,116.69999999999999
145.5 ,9.6 ,119.55
147.29999999999998 ,8.549999999999999 ,123.6
147.75 ,6.45 ,124.94999999999999
148.5 ,4.2 ,129.0
151.2 ,3.9 ,132.15
152.25 ,0.44999999999999996 ,134.85
151.95 ,-2.25 ,137.85
151.35 ,-3.9 ,138.75
153.0 ,-8.549999999999999 ,139.79999999999998
153.45 ,-8.85 ,143.4
155.85 ,-14.85 ,145.95
156.75 ,-15.299999999999999 ,145.65
156.75 ,-21.15 ,145.95
155.85 ,-23.7 ,146.54999999999998
157.35 ,-26.7 ,145.95
156.75 ,-28.05 ,147.29999999999998
158.1 ,-30.599999999999998 ,147.15
157.5 ,-34.199999999999996 ,147.45
157.04999999999998 ,-37.8 ,146.25
156.75 ,-42.9 ,143.54999999999998
155.85 ,-44.55 ,143.54999999999998
154.79999999999998 ,-49.949999999999996 ,140.85
155.85 ,-52.05 ,140.54999999999998
155.4 ,-56.25 ,137.4
154.65 ,-58.05 ,135.45
154.5 ,-60.599999999999994 ,133.95
153.45 ,-65.55 ,132.0
151.79999999999998 ,-66.89999999999999 ,126.44999999999999
150.9 ,-68.25 ,124.64999999999999
150.15 ,-70.2 ,120.89999999999999
148.04999999999998 ,-69.3 ,117.0
146.54999999999998 ,-71.55 ,112.35
142.04999999999998 ,-72.6 ,107.85
142.95 ,-71.85 ,106.2
140.85 ,-70.64999999999999 ,104.1
138.75 ,-70.8 ,100.95
138.15 ,-70.64999999999999 ,99.3
136.79999999999998 ,-68.39999999999999 ,99.0
137.4 ,-67.64999999999999 ,95.39999999999999
134.85 ,-66.3 ,94.2
133.04999999999998 ,-65.55 ,93.3
133.95 ,-64.05 ,93.3
134.54999999999998 ,-65.55 ,91.8
134.54999999999998 ,-64.64999999999999 ,91.35
132.6 ,-64.05 ,89.39999999999999
133.65 ,-64.35 ,91.35
133.79999999999998 ,-63.0 ,88.64999999999999
133.65 ,-62.699999999999996 ,89.85
133.35 ,-61.5 ,88.2
132.0 ,-60.15 ,86.25
132.45 ,-58.65 ,84.89999999999999
130.5 ,-58.65 ,85.2
130.35 ,-56.85 ,83.55
131.1 ,-56.4 ,82.05
131.85 ,-56.85 ,81.14999999999999
132.0 ,-56.1 ,78.75
133.04999999999998 ,-56.1 ,79.5
132.29999999999998 ,-54.0 ,78.75
132.6 ,-52.949999999999996 ,76.5
132.75 ,-52.949999999999996 ,76.5
133.2 ,-50.4 ,74.1
131.54999999999998 ,-49.35 ,76.64999999999999
131.25 ,-47.699999999999996 ,76.2
129.9 ,-46.05 ,74.1
131.1 ,-43.65 ,75.14999999999999
129.6 ,-43.8 ,73.95
129.75 ,-40.5 ,74.25
128.85 ,-42.3 ,75.0
128.4 ,-40.5 ,74.7
128.85 ,-40.35 ,75.0
127.64999999999999 ,-39.449999999999996 ,73.2
129.15 ,-38.85 ,72.6
129.15 ,-39.449999999999996 ,73.35
128.85 ,-38.1 ,73.64999999999999
129.15 ,-38.85 ,74.25
129.45 ,-36.9 ,72.89999999999999
130.2 ,-37.35 ,72.14999999999999
129.0 ,-36.75 ,70.5
131.54999999999998 ,-36.0 ,71.7
131.25 ,-34.199999999999996 ,71.1
131.54999999999998 ,-34.35 ,70.5
132.75 ,-33.0 ,70.35
132.0 ,-34.05 ,69.45
131.85 ,-34.199999999999996 ,68.55
131.25 ,-33.0 ,69.45
132.6 ,-34.35 ,69.3
131.54999999999998 ,-34.35 ,70.8
132.45 ,-34.949999999999996 ,70.8
132.0 ,-38.1 ,69.3
132.29999999999998 ,-40.35 ,69.45
133.35 ,-40.65 ,70.2
134.7 ,-42.9 ,69.3
137.54999999999998 ,-47.55 ,69.6
140.54999999999998 ,-49.8 ,68.7
140.54999999999998 ,-51.75 ,66.75
144.45 ,-51.9 ,66.6
146.1 ,-52.65 ,67.05
149.85 ,-53.1 ,65.85
151.2 ,-53.25 ,65.55
154.04999999999998 ,-56.25 ,67.5
158.4 ,-56.4 ,65.7
162.6 ,-55.8 ,65.7
167.7 ,-54.6 ,65.55
167.7 ,-52.65 ,66.0
172.04999999999998 ,-50.4 ,65.7
174.75 ,-46.199999999999996 ,65.85
176.25 ,-47.4 ,65.39999999999999
176.7 ,-44.55 ,65.39999999999999
177.45 ,-42.3 ,64.8
177.6 ,-43.199999999999996 ,63.599999999999994
177.45 ,-42.6 ,63.449999999999996
178.2 ,-44.25 ,64.64999999999999
178.2 ,-41.85 ,64.8
179.54999999999998 ,-42.0 ,64.8
181.35 ,-41.1 ,65.39999999999999
183.0 ,-40.65 ,65.7
182.7 ,-40.65 ,66.3
184.65 ,-38.85 ,65.85
184.95 ,-38.699999999999996 ,65.7
184.65 ,-39.15 ,65.85
184.65 ,-37.949999999999996 ,65.39999999999999
184.2 ,-38.1 ,68.1
184.65 ,-37.35 ,65.1
185.25 ,-37.5 ,66.45
184.2 ,-36.15 ,67.05
184.5 ,-36.6 ,65.7
184.95 ,-38.1 ,66.75
183.9 ,-38.699999999999996 ,66.6
184.2 ,-40.05 ,65.85
184.5 ,-39.75 ,65.85
181.95 ,-42.449999999999996 ,65.55
180.15 ,-42.6 ,66.0
179.54999999999998 ,-45.0 ,66.6
176.85 ,-46.949999999999996 ,66.0
176.7 ,-48.15 ,64.8
173.7 ,-49.199999999999996 ,64.95
172.04999999999998 ,-51.9 ,65.85
168.75 ,-54.449999999999996 ,67.8
168.15 ,-57.599999999999994 ,67.05
163.79999999999998 ,-57.15 ,67.8
161.25 ,-57.0 ,66.75
156.75 ,-58.349999999999994 ,68.85
154.79999999999998 ,-57.75 ,68.85
151.95 ,-57.15 ,67.5
147.6 ,-56.25 ,69.6
143.7 ,-54.0 ,69.75
142.35 ,-52.65 ,70.05
138.9 ,-49.949999999999996 ,69.45
136.79999999999998 ,-47.699999999999996 ,70.2
134.1 ,-44.55 ,70.95
133.2 ,-41.25 ,70.5
133.04999999999998 ,-39.449999999999996 ,70.5
131.54999999999998 ,-36.3 ,71.85
130.5 ,-35.699999999999996 ,72.14999999999999
131.1 ,-32.25 ,73.35
129.15 ,-31.799999999999997 ,74.39999999999999
129.45 ,-28.65 ,75.14999999999999
128.7 ,-27.45 ,75.6
126.75 ,-27.15 ,77.55
126.0 ,-26.25 ,78.6
126.0 ,-25.2 ,77.39999999999999
127.05 ,-26.55 ,77.55
125.39999999999999 ,-27.75 ,78.3
124.8 ,-29.4 ,77.39999999999999
126.0 ,-30.599999999999998 ,78.6
127.05 ,-35.699999999999996 ,75.75
128.1 ,-37.199999999999996 ,76.2
129.75 ,-41.85 ,75.75
132.29999999999998 ,-45.0 ,74.1
133.95 ,-49.35 ,73.35
138.75 ,-53.55 ,71.1
139.65 ,-53.699999999999996 ,71.25
145.35 ,-56.699999999999996 ,71.7
148.79999999999998 ,-58.949999999999996 ,71.7
151.04999999999998 ,-61.8 ,70.05
155.54999999999998 ,-63.3 ,71.85
158.25 ,-64.05 ,73.2
157.35 ,-65.55 ,75.0
158.1 ,-66.3 ,76.35
156.9 ,-67.2 ,78.75
155.4 ,-67.5 ,77.39999999999999
154.04999999999998 ,-68.39999999999999 ,81.6
150.45 ,-70.95 ,83.25
149.85 ,-71.39999999999999 ,85.8
148.95 ,-70.64999999999999 ,87.0
147.0 ,-71.25 ,90.6
146.54999999999998 ,-71.39999999999999 ,92.55
144.9 ,-72.45 ,96.45
145.2 ,-72.6 ,97.35
145.5 ,-72.6 ,101.7
144.15 ,-72.75 ,103.95
144.6 ,-72.45 ,106.95
143.25 ,-70.8 ,110.1
143.25 ,-70.95 ,110.39999999999999
141.9 ,-70.95 ,115.19999999999999
141.9 ,-68.25 ,118.64999999999999
141.29999999999998 ,-66.14999999999999 ,120.89999999999999
140.85 ,-63.3 ,124.35
138.0 ,-61.949999999999996 ,130.2
138.29999999999998 ,-57.449999999999996 ,130.35
139.2 ,-56.25 ,134.7
138.9 ,-49.5 ,136.95
139.79999999999998 ,-49.35 ,139.5
141.6 ,-43.05 ,138.75
141.75 ,-39.449999999999996 ,139.79999999999998
140.4 ,-34.8 ,140.54999999999998
139.2 ,-32.4 ,141.29999999999998
140.4 ,-28.65 ,142.04999999999998
141.6 ,-26.25 ,140.1
141.15 ,-23.4 ,141.0
141.0 ,-22.8 ,141.0
142.04999999999998 ,-21.75 ,141.0
141.29999999999998 ,-20.25 ,139.35
141.6 ,-18.9 ,140.85
142.5 ,-18.45 ,140.54999999999998
142.95 ,-19.2 ,141.15
143.1 ,-18.9 ,139.65
142.95 ,-17.7 ,141.0
142.95 ,-18.3 ,141.6
142.65 ,-19.8 ,141.15
143.1 ,-20.25 ,141.9
143.85 ,-22.349999999999998 ,142.35
144.15 ,-23.099999999999998 ,141.9
145.95 ,-28.349999999999998 ,143.25
146.25 ,-30.0 ,143.25
146.7 ,-35.699999999999996 ,143.54999999999998
147.75 ,-39.449999999999996 ,141.75
147.75 ,-44.85 ,141.29999999999998
148.5 ,-46.35 ,140.4
149.7 ,-49.8 ,138.15
151.2 ,-53.85 ,137.85
153.75 ,-57.599999999999994 ,137.1
160.35 ,-59.4 ,136.2
162.29999999999998 ,-60.9 ,133.35
170.54999999999998 ,-61.949999999999996 ,132.6
174.6 ,-62.55 ,132.6
179.85 ,-63.0 ,128.25
184.2 ,-61.949999999999996 ,126.44999999999999
188.7 ,-62.55 ,122.85
191.85 ,-58.8 ,118.8
193.2 ,-58.349999999999994 ,114.14999999999999
198.0 ,-57.0 ,111.0
199.65 ,-55.8 ,106.2
200.25 ,-54.449999999999996 ,102.6
201.75 ,-52.949999999999996 ,99.3
202.35 ,-51.75 ,98.7
202.04999999999998 ,-50.1 ,95.85
202.04999999999998 ,-50.55 ,92.85
202.79999999999998 ,-48.3 ,91.64999999999999
201.9 ,-49.199999999999996 ,89.55
200.85 ,-48.3 ,88.64999999999999
200.54999999999998 ,-48.6 ,87.89999999999999
201.15 ,-47.25 ,85.95
199.79999999999998 ,-46.199999999999996 ,84.45
200.4 ,-46.8 ,83.39999999999999
199.04999999999998 ,-45.449999999999996 ,83.25
197.54999999999998 ,-46.199999999999996 ,81.89999999999999
197.1 ,-43.8 ,79.8
197.1 ,-42.9 ,78.14999999999999
196.35 ,-42.3 ,75.6
197.4 ,-43.65 ,76.64999999999999
194.85 ,-42.0 ,75.0
196.04999999999998 ,-43.05 ,73.2
193.79999999999998 ,-41.4 ,72.75
192.0 ,-41.25 ,71.1
192.29999999999998 ,-37.949999999999996 ,70.8
190.95 ,-40.5 ,69.6
189.6 ,-37.949999999999996 ,67.95
188.7 ,-35.1 ,67.95
188.85 ,-35.4 ,67.5
187.5 ,-35.4 ,66.6
188.25 ,-35.4 ,66.75
186.75 ,-34.65 ,66.75
186.15 ,-35.4 ,67.35
186.15 ,-34.35 ,66.6
185.54999999999998 ,-32.25 ,66.6
185.54999999999998 ,-34.199999999999996 ,66.3
186.0 ,-33.75 ,65.85
185.85 ,-35.1 ,64.95
184.2 ,-33.75 ,67.8
184.95 ,-32.85 ,67.2
185.25 ,-32.55 ,66.3
185.25 ,-31.799999999999997 ,65.7
184.79999999999998 ,-31.5 ,66.3
185.25 ,-31.049999999999997 ,67.05
186.6 ,-29.25 ,66.6
185.85 ,-29.7 ,65.55
184.04999999999998 ,-30.9 ,66.3
185.4 ,-30.45 ,65.39999999999999
184.2 ,-29.849999999999998 ,64.35
184.2 ,-29.25 ,66.75
184.04999999999998 ,-27.15 ,65.1
181.65 ,-24.15 ,64.8
183.75 ,-23.099999999999998 ,66.3
182.54999999999998 ,-22.8 ,66.3
181.79999999999998 ,-22.2 ,66.45
180.6 ,-19.2 ,64.8
180.9 ,-18.3 ,65.85
180.45 ,-16.65 ,65.7
182.25 ,-14.85 ,66.3
181.95 ,-15.45 ,66.75
181.04999999999998 ,-12.15 ,67.05
180.29999999999998 ,-8.85 ,67.2
181.2 ,-8.85 ,67.8
179.54999999999998 ,-9.45 ,69.6
181.65 ,-8.549999999999999 ,69.75
181.65 ,-7.949999999999999 ,70.35
179.54999999999998 ,-6.3 ,70.05
179.7 ,-6.75 ,72.0
179.54999999999998 ,-6.6 ,71.1
179.85 ,-5.25 ,70.2
179.1 ,-5.85 ,70.2
181.04999999999998 ,-6.0 ,71.25
179.4 ,-6.0 ,70.05
180.6 ,-9.45 ,70.05
184.2 ,-9.6 ,69.3
183.75 ,-13.35 ,67.35
184.04999999999998 ,-15.75 ,68.85
183.15 ,-19.05 ,66.3
183.9 ,-22.95 ,67.2
182.25 ,-26.25 ,65.39999999999999
182.54999999999998 ,-31.95 ,64.64999999999999
182.25 ,-33.449999999999996 ,62.099999999999994
179.85 ,-36.0 ,63.449999999999996
178.5 ,-37.199999999999996 ,62.849999999999994
176.85 ,-42.3 ,62.849999999999994
174.6 ,-42.449999999999996 ,62.849999999999994
173.7 ,-48.15 ,64.8
172.04999999999998 ,-51.3 ,66.0
171.29999999999998 ,-56.4 ,67.8
169.65 ,-60.15 ,68.85
165.15 ,-62.4 ,70.35
162.75 ,-62.55 ,73.2
155.85 ,-65.25 ,74.1
152.7 ,-65.55 ,74.7
146.7 ,-64.05 ,78.0
141.6 ,-64.64999999999999 ,79.8
141.0 ,-61.199999999999996 ,81.6
135.6 ,-60.599999999999994 ,82.5
134.1 ,-57.599999999999994 ,84.0
129.75 ,-55.05 ,84.0
127.94999999999999 ,-53.1 ,85.8
125.55 ,-46.949999999999996 ,86.39999999999999
122.69999999999999 ,-44.25 ,87.3
119.1 ,-40.05 ,90.14999999999999
120.44999999999999 ,-35.55 ,91.95
118.05 ,-29.4 ,93.45
117.44999999999999 ,-25.95 ,93.89999999999999
119.39999999999999 ,-24.599999999999998 ,96.45
119.55 ,-20.4 ,98.55
120.14999999999999 ,-16.2 ,99.3
121.64999999999999 ,-15.149999999999999 ,100.95
122.55 ,-10.799999999999999 ,101.39999999999999
121.19999999999999 ,-8.25 ,102.89999999999999
125.1 ,-5.3999999999999995 ,103.95
126.0 ,-4.2 ,105.45
127.35 ,-0.15 ,108.14999999999999
129.0 ,-0.3 ,109.35
131.1 ,1.95 ,112.5
131.25 ,1.3499999999999999 ,115.19999999999999
134.4 ,4.05 ,115.8
136.04999999999998 ,4.8 ,117.89999999999999
139.04999999999998 ,4.8 ,118.05
141.29999999999998 ,9.15 ,118.94999999999999
143.25 ,8.85 ,119.25
147.0 ,9.9 ,117.44999999999999
148.04999999999998 ,12.6 ,116.55
151.2 ,12.299999999999999 ,116.69999999999999
151.95 ,12.6 ,115.05
154.5 ,15.299999999999999 ,115.64999999999999
156.9 ,15.149999999999999 ,112.35
156.15 ,15.899999999999999 ,108.14999999999999
156.15 ,16.2 ,105.0
155.25 ,14.85 ,104.7
155.25 ,15.149999999999999 ,101.7
153.0 ,14.85 ,100.5
154.65 ,14.25 ,100.35
153.29999999999998 ,14.549999999999999 ,99.0
150.15 ,13.049999999999999 ,97.05
147.45 ,12.9 ,98.25
148.5 ,12.9 ,98.25
145.5 ,13.5 ,95.39999999999999
146.85 ,12.6 ,94.2
145.2 ,12.299999999999999 ,92.55
144.45 ,12.299999999999999 ,91.05
142.95 ,9.0 ,88.95
143.1 ,8.25 ,87.45
141.15 ,6.75 ,86.55
140.1 ,3.9 ,83.39999999999999
140.85 ,4.5 ,83.25
140.25 ,2.85 ,83.55
139.79999999999998 ,0.8999999999999999 ,82.8
139.04999999999998 ,1.5 ,84.14999999999999
138.9 ,1.95 ,83.1
138.15 ,2.25 ,84.14999999999999
137.4 ,1.95 ,84.14999999999999
137.25 ,-0.44999999999999996 ,84.14999999999999
136.35 ,0.15 ,83.25
136.65 ,-0.44999999999999996 ,85.2
134.7 ,0.8999999999999999 ,84.75
137.54999999999998 ,0.3 ,86.7
137.54999999999998 ,3.15 ,89.7
134.7 ,2.1 ,95.7
133.65 ,2.85 ,97.05
134.54999999999998 ,3.3 ,100.35
133.95 ,3.9 ,103.2
132.45 ,4.2 ,105.75
133.2 ,4.2 ,114.89999999999999
136.65 ,5.1 ,117.75
139.04999999999998 ,4.05 ,123.89999999999999
142.35 ,3.4499999999999997 ,129.29999999999998
146.1 ,3.15 ,132.45
155.25 ,1.95 ,134.4
159.0 ,1.05 ,136.35
165.9 ,-0.3 ,137.85
169.79999999999998 ,-2.55 ,138.15
175.65 ,-7.05 ,138.9
182.25 ,-10.2 ,137.4
186.75 ,-15.899999999999999 ,136.95
188.4 ,-19.349999999999998 ,135.6
191.7 ,-22.5 ,134.1
194.4 ,-27.3 ,131.25
197.54999999999998 ,-30.9 ,128.1
199.04999999999998 ,-34.05 ,122.85
201.15 ,-37.5 ,117.14999999999999
204.75 ,-37.199999999999996 ,110.55
206.54999999999998 ,-36.9 ,110.55
207.29999999999998 ,-39.3 ,100.35
206.7 ,-41.4 ,97.35
204.45 ,-38.25 ,87.89999999999999
203.85 ,-38.55 ,83.7
199.5 ,-37.199999999999996 ,77.55
198.15 ,-36.15 ,73.35
195.15 ,-34.949999999999996 ,69.6
188.4 ,-31.5 ,65.1
187.04999999999998 ,-29.4 ,64.35
182.25 ,-27.15 ,63.599999999999994
179.1 ,-25.5 ,63.3
176.85 ,-22.05 ,62.55
176.7 ,-21.0 ,60.9
175.35 ,-19.2 ,61.949999999999996
175.5 ,-20.849999999999998 ,61.8
174.6 ,-20.55 ,63.3
175.2 ,-20.55 ,61.65
175.5 ,-21.0 ,61.65
175.35 ,-21.599999999999998 ,62.4
175.95 ,-21.0 ,62.849999999999994
175.95 ,-23.099999999999998 ,62.099999999999994
175.65 ,-23.55 ,62.849999999999994
175.65 ,-24.599999999999998 ,62.55
175.2 ,-23.55 ,61.349999999999994
174.9 ,-23.55 ,61.199999999999996
173.1 ,-28.65 ,60.599999999999994
174.6 ,-30.599999999999998 ,61.8
174.6 ,-31.049999999999997 ,59.699999999999996
170.4 ,-34.8 ,60.9
170.1 ,-37.949999999999996 ,61.65
168.15 ,-40.5 ,61.349999999999994
166.95 ,-43.65 ,61.199999999999996
162.75 ,-46.199999999999996 ,60.449999999999996
162.6 ,-46.199999999999996 ,62.4
155.4 ,-50.85 ,64.35
151.04999999999998 ,-51.9 ,65.55
143.4 ,-49.949999999999996 ,67.8
137.7 ,-48.0 ,68.55
134.4 ,-46.65 ,71.1
131.85 ,-44.85 ,72.6
129.75 ,-43.05 ,74.7
128.7 ,-41.1 ,76.2
128.4 ,-39.3 ,77.39999999999999
127.5 ,-36.9 ,80.1
126.3 ,-37.8 ,80.55
123.89999999999999 ,-37.35 ,82.5
124.5 ,-35.699999999999996 ,81.14999999999999
123.14999999999999 ,-36.0 ,80.25
123.44999999999999 ,-37.199999999999996 ,82.8
123.14999999999999 ,-36.3 ,83.7
122.25 ,-38.85 ,83.39999999999999
123.44999999999999 ,-38.25 ,84.45
122.69999999999999 ,-41.1 ,84.3
122.69999999999999 ,-41.85 ,85.5
123.44999999999999 ,-45.449999999999996 ,87.75
124.8 ,-46.8 ,88.2
123.75 ,-49.8 ,91.05
125.25 ,-52.35 ,94.2
125.25 ,-55.199999999999996 ,98.1
125.85 ,-57.599999999999994 ,102.89999999999999
128.4 ,-58.8 ,104.85
129.6 ,-59.4 ,110.39999999999999
129.6 ,-61.5 ,113.55
130.5 ,-56.25 ,116.55
129.6 ,-56.4 ,118.94999999999999
129.6 ,-51.449999999999996 ,125.55
129.9 ,-48.9 ,126.75
129.9 ,-49.5 ,130.35
130.95 ,-44.1 ,130.5
131.1 ,-37.8 ,133.2
130.5 ,-36.0 ,136.5
130.79999999999998 ,-34.35 ,136.35
133.2 ,-27.3 ,135.75
133.35 ,-25.349999999999998 ,135.0
133.2 ,-21.15 ,135.45
135.15 ,-18.3 ,136.95
136.35 ,-14.549999999999999 ,134.85
136.2 ,-14.1 ,135.9
135.9 ,-13.65 ,135.75
138.45 ,-12.75 ,135.0
138.29999999999998 ,-13.049999999999999 ,135.6
139.79999999999998 ,-15.149999999999999 ,137.54999999999998
140.54999999999998 ,-15.899999999999999 ,140.54999999999998
144.75 ,-16.65 ,140.4
147.45 ,-17.099999999999998 ,143.54999999999998
152.25 ,-20.849999999999998 ,144.15
156.9 ,-24.599999999999998 ,147.0
