172.277986 ,7.260776 ,168.585187
161.694157 ,16.074652 ,171.453073
145.907568 ,5.697141 ,168.343077
129.881009 ,0.637639 ,175.898166
149.745541 ,12.630478 ,168.420976
132.623344 ,18.588532 ,181.386925
131.509510 ,19.483217 ,175.509585
135.899613 ,29.050225 ,174.040658
120.413948 ,42.916960 ,163.565776
103.941712 ,36.742554 ,157.634736
103.205842 ,64.617455 ,156.405805
109.925084 ,104.305478 ,129.122146
74.764498 ,144.391063 ,86.744976
63.432154 ,172.739637 ,70.184051
68.928865 ,194.712324 ,19.174396
41.286629 ,181.610717 ,-51.365408
31.630764 ,188.041817 ,-102.788638
44.265245 ,162.424559 ,-200.775274
34.504840 ,122.443044 ,-223.857981
47.237068 ,87.060081 ,-205.048497
33.343767 ,64.763344 ,-232.692945
55.263126 ,27.197716 ,-234.282108
33.863197 ,-22.778524 ,-260.507542
27.622350 ,-77.877434 ,-286.577296
33.743062 ,-106.938982 ,-284.106878
63.416816 ,-103.269195 ,-271.810211
54.628325 ,-76.703006 ,-251.615523
57.053653 ,-56.170074 ,-247.474974
69.738474 ,-18.615699 ,-223.639904
79.645728 ,40.138121 ,-231.948675
72.321147 ,103.734408 ,-196.976339
87.856179 ,180.438721 ,-126.151132
56.126675 ,238.869343 ,-41.354418
78.884565 ,254.830295 ,26.272450
97.922287 ,234.178700 ,70.760519
118.371699 ,222.374436 ,104.532154
112.481765 ,197.658793 ,118.527581
110.863796 ,150.204263 ,134.540939
171.394496 ,125.605792 ,126.543888
171.371002 ,78.936945 ,127.962784
151.528806 ,54.216874 ,138.099758
174.386173 ,50.233646 ,141.071019
189.168701 ,42.763529 ,138.295025
217.771634 ,32.004076 ,142.521766
181.199039 ,-3.695264 ,146.104584
221.307978 ,2.376782 ,149.106183
208.278514 ,-56.414299 ,133.970215
294.948904 ,-142.278256 ,126.277310
393.348735 ,-236.882133 ,102.918129
365.251263 ,-249.889109 ,64.738799
375.963043 ,-262.369936 ,18.332866
361.194803 ,-251.737663 ,-7.996702
342.988303 ,-261.007538 ,-52.465434
328.220885 ,-252.964290 ,-102.447724
313.690249 ,-249.835872 ,-147.812898
265.838587 ,-261.403714 ,-207.971826
223.770406 ,-249.774679 ,-267.093226
202.713794 ,-206.398570 ,-289.955873
156.614339 ,-169.984764 ,-306.084324
123.591638 ,-132.811806 ,-287.591304
120.380215 ,-101.798038 ,-291.368670
91.904544 ,-111.974412 ,-285.174229
110.295608 ,-135.802134 ,-261.582462
-103.112775 ,-193.646869 ,-201.336138
149.068034 ,-207.553912 ,-232.630823
209.957948 ,-252.421813 ,-163.001929
211.028081 ,-255.261449 ,-100.972775
283.249583 ,-224.187996 ,-32.169205
337.568009 ,-195.812226 ,23.477774
411.599842 ,-131.507919 ,81.360952
377.555369 ,-85.130746 ,187.377925
347.559644 ,-60.779368 ,206.014187
343.850106 ,-34.204944 ,267.096387
341.760432 ,-0.117349 ,270.655201
319.104045 ,5.927102 ,275.094113
309.533971 ,11.521169 ,268.307893
312.749870 ,19.642401 ,283.030884
280.413771 ,30.165331 ,310.998733
327.809342 ,54.321811 ,317.535664
287.061409 ,83.805460 ,289.301188
279.821445 ,92.121126 ,318.171616
301.758614 ,119.299578 ,291.768732
293.259478 ,124.417477 ,268.541347
297.667055 ,136.743462 ,222.684656
261.555582 ,164.717261 ,206.569361
194.015281 ,208.380399 ,114.165569
147.625734 ,263.831093 ,30.965630
76.818168 ,258.696225 ,-15.672764
99.769946 ,270.160863 ,34.252715
117.400438 ,284.749429 ,45.585247
105.704301 ,304.185351 ,19.781440
81.499622 ,298.669506 ,-33.477569
55.296862 ,293.423583 ,-39.657018
57.298145 ,287.797992 ,-47.201183
55.889759 ,263.642074 ,-76.278040
63.025752 ,241.088078 ,-106.256083
86.203532 ,209.261306 ,-221.058590
13.120237 ,149.930448 ,-258.756566
60.287294 ,138.254043 ,-328.911181
46.684085 ,96.920417 ,-289.484141
67.787483 ,65.038998 ,-258.726823
61.107213 ,22.924236 ,-304.336019
43.251292 ,-17.947476 ,-328.313612
23.696807 ,-58.937791 ,-314.293268
-1.777041 ,-118.474053 ,-314.048842
-53.652381 ,-168.226206 ,-294.512427
-75.321811 ,-196.761824 ,-258.515435
-84.878034 ,-240.037786 ,-234.652573
-81.869637 ,-208.361028 ,-281.899455
-40.837832 ,-159.374730 ,-331.214341
-25.350188 ,-116.434410 ,-348.470860
-20.744482 ,-39.658920 ,-352.061135
-8.538777 ,5.942448 ,-330.548616
15.056204 ,60.702192 ,-305.057646
-2.667057 ,127.236552 ,-262.724931
31.486935 ,198.629216 ,-226.621062
53.732153 ,246.704469 ,-125.642077
59.165206 ,276.692791 ,-59.971585
44.291251 ,288.217700 ,39.225362
48.732181 ,296.382213 ,116.351377
50.959027 ,297.181868 ,151.758780
84.391486 ,283.005275 ,174.056036
69.104822 ,242.126178 ,198.722728
56.191150 ,208.502654 ,226.546978
73.403399 ,163.952056 ,225.078532
83.873935 ,112.298568 ,217.927454
132.992334 ,74.000078 ,257.251397
159.908426 ,-17.744672 ,272.732457
163.638658 ,-51.868280 ,261.615485
172.119835 ,-96.919867 ,224.532489
160.919147 ,-147.120533 ,215.559745
172.967255 ,-168.573030 ,208.753831
173.622181 ,-206.144617 ,157.575703
171.904468 ,-193.939167 ,177.631656
174.240582 ,-142.355206 ,201.439576
134.034263 ,-86.581427 ,210.851093
126.903702 ,-47.339355 ,258.428546
140.586314 ,-1.083913 ,239.385322
163.403736 ,24.759015 ,253.778057
153.485699 ,29.377456 ,240.666635
157.935586 ,14.063130 ,191.758991
165.308362 ,-13.405696 ,166.398064
197.656518 ,-42.810216 ,131.260638
165.893712 ,-96.824436 ,109.602528
165.912512 ,-166.181102 ,53.152874
171.590146 ,-223.982528 ,1.485503
316.611058 ,-308.844510 ,-17.206093
257.895067 ,-303.676106 ,-77.780033
226.992408 ,-324.254872 ,-83.238294
212.695267 ,-315.685188 ,-29.375464
231.538850 ,-297.077159 ,27.018577
208.408545 ,-236.486821 ,95.756528
226.632737 ,-147.567457 ,139.922628
173.971971 ,-21.802704 ,198.970310
62.518880 ,118.710868 ,186.289124
6.760959 ,189.180746 ,159.389102
50.393785 ,244.080790 ,85.225176
34.011097 ,268.840458 ,79.200806
51.377020 ,289.335502 ,10.839433
3.750083 ,291.734420 ,-37.532802
-31.801814 ,284.183199 ,-103.616632
-32.106780 ,272.836138 ,-166.952016
-48.086183 ,229.602608 ,-170.217929
-14.225435 ,208.781517 ,-224.193063
-21.331410 ,150.638772 ,-288.999125
-20.008898 ,78.883309 ,-318.337904
-7.716344 ,91.247804 ,-324.863277
-29.605687 ,149.865530 ,-270.133310
-34.316119 ,264.890479 ,-137.111990
-13.141839 ,313.441901 ,-19.691841
-9.961592 ,303.728794 ,82.948310
-7.805848 ,248.953935 ,135.532659
1.429293 ,196.103234 ,190.295481
-8.358028 ,139.666869 ,232.936052
-15.899503 ,96.516494 ,243.801908
52.948822 ,119.352444 ,234.320500
37.997092 ,125.729979 ,211.010592
90.447268 ,115.719853 ,173.871461
123.154473 ,95.808784 ,76.418280
158.613855 ,47.970782 ,54.037864
174.414280 ,14.430753 ,32.979345
180.358462 ,7.529905 ,33.274478
209.685661 ,34.856835 ,40.962679
222.056429 ,2.652049 ,-50.735391
197.235108 ,15.012176 ,-71.749898
194.174693 ,36.995654 ,-60.729562
135.412753 ,23.127853 ,-98.033299
168.037988 ,16.014959 ,-65.583444
175.532106 ,15.496357 ,-54.895834
159.014744 ,-12.303280 ,-61.209394
218.493974 ,18.187959 ,-70.066848
124.999435 ,-34.128842 ,-135.958996
167.040534 ,-32.449844 ,-151.056017
127.507000 ,-66.109885 ,-201.108470
99.635209 ,-87.597025 ,-220.847323
47.613339 ,-89.183889 ,-205.162985
36.127053 ,-86.165157 ,-215.443996
6.794756 ,-68.195059 ,-221.157564
-61.380818 ,-68.811007 ,-232.850410
-85.553955 ,-43.547392 ,-255.762969
-157.632702 ,-47.855911 ,-182.876810
-195.410005 ,-41.478998 ,-173.016113
-305.223175 ,-34.876628 ,-122.768349
-351.072819 ,-49.658659 ,-79.977881
-384.239887 ,-43.977568 ,-46.233953
-376.410584 ,-32.002846 ,-77.727529
-321.855038 ,-48.305643 ,-145.814300
-175.554930 ,-38.229541 ,-213.975386
-49.435523 ,-45.105755 ,-244.842618
42.166216 ,-45.443854 ,-197.642782
153.749116 ,-16.163072 ,-83.795045
231.252077 ,26.707199 ,10.511857
214.923536 ,29.803293 ,98.106734
240.899808 ,41.165914 ,164.316024
194.949968 ,38.964169 ,216.086135
142.832747 ,39.423873 ,232.980066
122.205412 ,43.803577 ,250.134007
47.914945 ,34.316044 ,289.672074
14.733572 ,41.787470 ,297.703968
-55.824567 ,40.077975 ,273.882572
-155.878404 ,22.265354 ,217.145440
-229.582364 ,-11.244839 ,195.809292
-265.975510 ,-29.792258 ,125.672181
-293.356966 ,-70.666466 ,69.921428
-321.331436 ,-66.853757 ,75.302788
-338.548867 ,-73.754544 ,64.967241
-353.754165 ,-47.952279 ,27.468752
-297.575803 ,-27.334264 ,-64.401426
-320.924930 ,-23.644247 ,-87.895120
-321.040973 ,-14.048495 ,-136.650753
-302.299480 ,-44.667662 ,-177.691950
-263.966610 ,-83.577393 ,-198.586258
-232.134076 ,-110.275252 ,-234.111546
-214.418513 ,-103.887611 ,-233.817969
-224.377200 ,-81.759400 ,-236.366286
-332.291767 ,-55.482772 ,-168.542474
-375.084098 ,4.903310 ,-107.711514
-414.709681 ,59.730089 ,-48.422756
-417.848895 ,99.061055 ,22.400819
-342.797103 ,67.591210 ,160.433143
-209.559279 ,45.354942 ,223.304318
-102.148965 ,-14.365492 ,201.882295
15.349980 ,-48.026523 ,166.556738
68.022651 ,-66.113635 ,163.140285
137.998409 ,-58.279092 ,184.389884
162.570756 ,-26.984898 ,177.650346
173.067854 ,-17.467308 ,178.309261
152.320015 ,-47.579344 ,190.579539
132.602466 ,-60.657779 ,196.971758
127.620658 ,-92.701021 ,192.693311
98.894035 ,-116.030129 ,198.865108
73.286300 ,-119.060898 ,213.457338
17.488486 ,-135.371177 ,214.506670
-18.829384 ,-131.099168 ,228.199389
-54.052571 ,-115.397789 ,229.827463
-60.320250 ,-90.203137 ,283.259612
-80.246946 ,-74.547997 ,274.987402
-105.086814 ,-27.594514 ,316.217965
-92.366073 ,-11.921600 ,312.748888
-105.892764 ,23.959855 ,297.780795
-136.350013 ,44.211794 ,245.195651
-149.930449 ,42.183121 ,227.527830
-142.938488 ,50.122361 ,232.374736
-141.876857 ,16.092418 ,267.575592
-135.752824 ,-33.230209 ,285.070314
-135.355106 ,-98.053583 ,239.922855
-38.993551 ,-127.798074 ,269.269291
23.711641 ,-159.921757 ,240.879056
96.092990 ,-146.452023 ,222.957760
158.120786 ,-108.418985 ,212.779364
198.851549 ,-68.771525 ,195.340454
236.016553 ,1.720434 ,198.363378
236.480995 ,45.132495 ,193.689570
189.469021 ,146.487312 ,198.667993
177.296015 ,191.061482 ,203.423245
120.265488 ,242.677430 ,239.513443
67.386991 ,269.237038 ,243.289771
3.148648 ,280.468575 ,270.858993
-46.491243 ,252.753464 ,273.302422
-90.769334 ,224.262554 ,273.469187
-97.047879 ,216.081055 ,291.702517
-109.416767 ,213.296975 ,287.072963
-102.429534 ,216.864523 ,275.178829
-46.861409 ,244.647169 ,294.623943
-11.180035 ,258.258800 ,294.375373
87.517853 ,255.239942 ,243.689953
135.292127 ,207.039201 ,217.443946
166.198475 ,157.688170 ,219.210838
187.653140 ,111.473790 ,216.500067
213.462106 ,81.802472 ,215.113426
206.267052 ,34.852855 ,200.281242
172.856611 ,-30.635380 ,215.887324
134.154884 ,-66.995096 ,191.223666
95.991000 ,-103.883297 ,194.118744
24.205498 ,-117.726901 ,209.158997
-30.485946 ,-91.820683 ,209.689781
-52.726320 ,-48.680814 ,248.865657
-140.738070 ,-30.106963 ,290.278652
-158.871206 ,28.336439 ,316.332181
-89.609938 ,73.765576 ,332.358849
-61.503142 ,115.373834 ,373.713755
-1.219169 ,151.520939 ,370.844270
-31.044048 ,171.786850 ,368.260991
11.721183 ,231.410131 ,326.318923
56.165391 ,251.443883 ,288.191576
58.060910 ,261.568403 ,241.721139
27.361462 ,265.094605 ,221.737065
31.614275 ,254.679773 ,205.813011
37.065758 ,264.980148 ,233.749524
45.918407 ,262.620543 ,256.390430
40.553554 ,243.941621 ,304.255802
-3.419335 ,196.986954 ,318.735770
-58.107541 ,105.883679 ,320.512234
-67.486881 ,-4.269211 ,273.017109
-9.405958 ,-73.622536 ,255.644622
47.621969 ,-97.613512 ,260.206084
37.951950 ,-114.202468 ,268.194922
-2.991397 ,-89.949866 ,280.456188
-59.044676 ,-46.894059 ,308.826968
-80.335573 ,-16.275174 ,320.024232
-101.041739 ,15.356999 ,287.346218
-143.461557 ,90.987713 ,280.408582
-226.650571 ,171.476974 ,224.719379
-233.934386 ,202.658081 ,224.617519
-224.945737 ,180.742138 ,235.485726
-180.806077 ,124.902636 ,279.760110
-115.267543 ,49.690378 ,275.009922
-75.123957 ,-10.609708 ,279.297143
-24.003587 ,-37.264913 ,257.117693
-20.927091 ,-86.074676 ,254.810453
7.127855 ,-122.317902 ,251.955604
45.091012 ,-122.254233 ,247.445768
104.636297 ,-107.497767 ,239.913880
137.816462 ,-57.758959 ,219.432786
163.144986 ,-7.267641 ,227.785484
174.141508 ,41.274981 ,244.630256
193.624639 ,61.454092 ,241.991441
198.874555 ,42.471450 ,237.148322
219.318183 ,-43.053503 ,178.928908
205.188351 ,-95.198719 ,152.462760
226.142051 ,-185.213001 ,101.542890
275.681075 ,-268.887811 ,68.931019
251.073060 ,-313.063853 ,108.770120
245.101711 ,-287.854546 ,168.402849
198.650183 ,-239.471246 ,264.212805
124.039857 ,-183.988459 ,337.258906
79.382108 ,-117.675224 ,363.554824
75.146400 ,-54.832696 ,353.806789
-17.682685 ,151.678512 ,287.901752
-71.536215 ,213.794497 ,222.643916
-98.588524 ,248.205073 ,174.850424
-120.565787 ,275.663168 ,127.550680
-110.357120 ,294.087107 ,68.650260
-108.092140 ,300.001536 ,-0.000067
-110.361881 ,299.620398 ,-57.725975
-108.497184 ,286.329352 ,-78.866898
-95.329105 ,292.986631 ,-61.337693
-118.508997 ,287.864247 ,50.889709
-99.078037 ,265.003118 ,187.209602
-58.503884 ,205.244805 ,257.741237
-25.131425 ,139.059034 ,283.392078
15.788311 ,83.042994 ,297.060798
24.089318 ,13.475591 ,278.021766
53.483177 ,-54.411788 ,219.297680
141.942751 ,-146.575401 ,155.656202
225.494134 ,-237.832289 ,164.053954
249.609266 ,-263.250519 ,217.406292
200.262149 ,-240.879078 ,260.048176
129.536114 ,-209.095466 ,291.186299
69.244562 ,-187.225980 ,312.170986
30.001320 ,-158.079906 ,318.457557
-39.034770 ,-142.462589 ,309.280535
-125.973352 ,-102.321161 ,312.316380
-173.515705 ,-43.549041 ,296.131955
-182.460435 ,57.202366 ,273.197067
-228.807019 ,213.935448 ,171.276662
-233.375463 ,261.470071 ,77.934049
-245.886169 ,316.175464 ,31.375863
-184.691471 ,317.369997 ,-30.419155
-122.486776 ,283.573615 ,-57.137940
-68.933632 ,239.292652 ,-123.598550
-25.103080 ,194.956192 ,-134.031132
4.352707 ,129.231653 ,-127.983638
11.272862 ,69.279994 ,-106.818154
7.480518 ,14.445267 ,-94.922701
6.169275 ,-41.745659 ,-87.390494
-4.825703 ,-85.513411 ,-72.212023
-12.739826 ,-124.050516 ,-23.884077
28.151770 ,-134.358681 ,-11.758876
33.840271 ,-158.783955 ,-28.227428
-13.734514 ,-229.903175 ,-10.066611
-25.371470 ,-480.877598 ,-51.111744
-1.785780 ,-241.364410 ,-31.545604
37.898142 ,-234.051470 ,-101.700100
53.636152 ,-205.180210 ,-144.303434
105.228879 ,-184.454841 ,-169.697852
191.986552 ,-149.774648 ,-117.258385
268.137488 ,-125.727632 ,-35.162676
311.265841 ,-79.413066 ,40.914962
297.262548 ,-58.109164 ,117.118941
286.063419 ,-108.487451 ,194.987036
312.457969 ,-149.639488 ,235.707588
204.379416 ,-184.657878 ,250.959773
99.458858 ,-221.662568 ,232.046043
51.299060 ,-249.126784 ,178.651529
31.791463 ,-288.575326 ,121.237859
-7.071550 ,-322.059111 ,71.947138
-4.537053 ,-342.537796 ,-4.108018
-24.545280 ,-363.801136 ,-90.156745
44.688304 ,-327.333269 ,-228.535553
22.425108 ,-308.640880 ,-296.717606
31.304421 ,-259.782324 ,-345.595393
17.745114 ,-217.327996 ,-373.052631
27.542730 ,-159.689763 ,-351.046245
15.246034 ,-149.204154 ,-335.892454
-6.873668 ,-203.084268 ,-299.816126
-33.817212 ,-271.622476 ,-258.415487
-63.078340 ,-319.636670 ,-209.960525
-110.633506 ,-360.952740 ,-123.977174
-150.412193 ,-338.997318 ,-27.243627
-166.328042 ,-278.544726 ,80.063909
-224.869048 ,-198.563053 ,137.566920
-260.412108 ,-112.938863 ,117.885431
-275.923799 ,-16.415098 ,108.442134
-257.347519 ,55.582282 ,95.487424
-284.632703 ,101.868403 ,83.470578
-255.766559 ,167.223098 ,69.817923
-227.238249 ,262.566915 ,-25.454677
-227.626290 ,311.275344 ,-50.664912
-196.660662 ,306.569598 ,-107.927570
-172.474076 ,292.009654 ,-145.285448
-178.993880 ,249.607985 ,-142.614859
-101.672411 ,238.329243 ,-166.127012
-73.983623 ,190.987518 ,-186.595265
-42.496436 ,130.736568 ,-214.279818
-42.964769 ,75.411301 ,-195.182177
22.999352 ,31.132434 ,-156.224409
6.991492 ,-33.330816 ,-125.790287
-22.723096 ,-106.286327 ,-61.973788
-7.084630 ,-159.171792 ,1.117455
-17.955651 ,-208.566783 ,66.510399
-2.525408 ,-245.260615 ,11.955805
-10.832183 ,-254.366392 ,-6.178616
18.125908 ,-267.545599 ,-49.843796
12.100077 ,-282.657822 ,-103.404356
34.231014 ,-245.070275 ,-122.997540
114.316903 ,-216.362046 ,-144.156566
215.407283 ,-167.416771 ,-99.350805
283.768240 ,-100.738605 ,15.737263
331.759439 ,-52.097667 ,123.232929
275.505817 ,-100.487601 ,186.090873
240.206699 ,-134.779509 ,267.483539
204.132822 ,-143.770202 ,286.393845
145.234313 ,-170.255951 ,290.310945
88.484773 ,-191.136500 ,286.457278
97.318642 ,-230.840770 ,272.440525
101.240380 ,-266.694046 ,180.434047
63.522274 ,-312.420260 ,117.486568
120.333962 ,-314.235198 ,82.272039
143.929548 ,-338.954991 ,40.025154
138.474024 ,-336.358181 ,-58.611627
126.971758 ,-316.466082 ,-156.934420
142.734587 ,-313.041618 ,-213.018540
143.708381 ,-281.482779 ,-266.068770
154.671565 ,-233.731177 ,-317.389107
153.933901 ,-175.867836 ,-356.436696
117.096014 ,-111.275752 ,-340.298839
104.205903 ,3.470475 ,-354.932455
-23.407130 ,125.903420 ,-334.119915
-45.814929 ,142.914759 ,-338.028880
-81.359013 ,149.284969 ,-323.325184
-113.279317 ,120.012805 ,-304.705504
-138.328163 ,64.188140 ,-286.122580
-131.265050 ,11.095580 ,-281.924740
-149.764292 ,-58.165829 ,-256.956734
-110.332313 ,-153.164586 ,-183.113494
-28.882024 ,-280.836807 ,-122.090012
40.571169 ,-301.663530 ,-41.215736
-2.359476 ,-340.513268 ,39.545283
45.134515 ,-303.901126 ,54.101510
-15.024343 ,-286.279391 ,103.106788
-80.141531 ,-249.079559 ,91.597128
-141.593000 ,-225.493693 ,99.668170
-216.015827 ,-168.748372 ,130.759689
-233.706606 ,-88.928986 ,155.275042
-258.124810 ,-13.050335 ,145.002201
-309.225710 ,68.218411 ,149.880082
-288.990426 ,115.539339 ,146.450830
-254.277932 ,188.759317 ,150.443471
-218.097973 ,248.937495 ,135.215883
-184.030360 ,293.945397 ,101.313284
-167.468340 ,301.243060 ,58.128814
-121.064790 ,293.622813 ,-3.207418
-101.795986 ,291.084112 ,-32.314655
-65.946013 ,283.519021 ,-86.664376
-68.538883 ,251.762969 ,-109.378676
-49.660218 ,256.031051 ,-111.453656
-75.789125 ,253.924277 ,-90.337608
-105.537654 ,259.657283 ,-26.948363
-115.394703 ,283.932996 ,72.875606
-130.891319 ,269.424005 ,161.348188
-174.782308 ,209.719099 ,234.888999
-211.919676 ,163.045885 ,221.818762
-237.458622 ,96.797471 ,227.391405
-252.247035 ,40.499817 ,217.505038
-248.952655 ,-35.664032 ,207.668345
-272.926890 ,-156.942172 ,151.301138
-284.779097 ,-194.832756 ,74.384545
-262.461685 ,-235.236654 ,47.221965
-221.840526 ,-308.358603 ,21.808495
-160.466213 ,-319.775030 ,26.235247
-144.981253 ,-345.958151 ,35.851761
-115.862697 ,-359.424265 ,40.466365
-73.654056 ,-346.522147 ,43.943094
-26.823258 ,-333.339541 ,33.826970
4.735751 ,-330.652084 ,44.641436
-92.065545 ,-354.861041 ,30.999112
-195.651115 ,-323.769268 ,8.929694
-278.923658 ,-230.304211 ,-3.697311
-274.821166 ,-112.671038 ,59.546614
-272.481396 ,-19.363053 ,117.952881
-252.314900 ,91.175520 ,123.543216
-210.109244 ,186.323821 ,131.569682
-200.948022 ,251.892776 ,87.691531
-163.274253 ,283.309719 ,16.968575
-160.380809 ,282.277404 ,-42.073649
-137.171353 ,261.372192 ,-96.223200
-115.796342 ,244.999306 ,-125.113203
-158.554882 ,251.507262 ,-148.979091
-166.424012 ,254.453287 ,-130.575132
-161.590714 ,277.854764 ,-102.417361
-180.028649 ,295.188222 ,0.242484
-200.267474 ,292.986699 ,92.487207
-146.114795 ,280.150909 ,167.379095
-144.373069 ,240.135195 ,212.312675
-135.453275 ,179.735993 ,273.239438
-81.839729 ,127.890508 ,294.344763
-21.697976 ,57.841077 ,271.011574
-73.686862 ,0.012621 ,280.469381
21.794691 ,-63.159655 ,274.815614
80.865372 ,-112.875016 ,237.617084
169.905684 ,-205.985631 ,223.852847
187.028955 ,-249.296018 ,193.029592
230.629801 ,-277.207619 ,148.273860
273.328777 ,-283.692569 ,115.738689
385.525922 ,-264.568622 ,79.336211
322.063261 ,-291.180242 ,66.406384
264.454144 ,-313.321960 ,16.904728
244.259123 ,-323.531449 ,-26.331048
244.791398 ,-320.890110 ,-46.678227
198.498425 ,-329.648708 ,-63.820964
96.332830 ,-335.409811 ,-113.863650
44.804363 ,-341.881512 ,-124.962323
20.532807 ,-329.073560 ,-155.894177
-3.850751 ,-319.567041 ,-164.881395
-69.039174 ,-318.083822 ,-189.520616
-62.718438 ,-322.637224 ,-186.293809
-24.363601 ,-324.605468 ,-185.812659
91.645425 ,-317.592058 ,-180.066682
187.297352 ,-325.228164 ,-108.895630
263.582510 ,-295.701538 ,-21.573683
294.009959 ,-260.115063 ,21.955789
275.781489 ,-204.577584 ,104.036509
278.567070 ,-130.012595 ,206.235411
215.790273 ,-83.936807 ,240.211760
150.127998 ,73.793204 ,238.832608
128.124122 ,156.686535 ,167.194991
102.692533 ,186.116276 ,147.860583
84.327712 ,204.177481 ,167.322363
63.521617 ,208.674138 ,204.237005
109.819436 ,206.899019 ,213.609692
149.463564 ,219.227723 ,240.000773
167.976792 ,219.761201 ,275.988355
129.776853 ,224.612362 ,275.881074
81.032660 ,258.119962 ,285.935881
52.223900 ,277.351911 ,282.069015
10.688026 ,281.717303 ,312.235629
238.285706 ,299.888326 ,266.260290
42.552221 ,270.893494 ,282.545701
97.018553 ,285.641726 ,234.126301
97.967193 ,280.662257 ,174.982815
70.539168 ,305.183871 ,155.422524
17.934900 ,314.674547 ,113.717467
-33.333877 ,322.735068 ,80.447555
-99.723570 ,331.128052 ,52.599427
-130.600017 ,314.687752 ,-19.440479
-168.159570 ,313.568480 ,-47.415742
-169.115201 ,302.037494 ,-92.712504
-194.940584 ,296.549993 ,-119.613002
-208.326413 ,297.388900 ,-99.306247
-173.542047 ,316.940972 ,-40.286708
-112.845567 ,323.649079 ,42.106526
-84.190969 ,303.945616 ,156.093084
-67.750830 ,242.213787 ,215.943408
11.059635 ,202.802546 ,254.341129
92.108031 ,172.708784 ,259.505294
183.740225 ,143.706129 ,152.166381
232.660094 ,100.531835 ,58.304388
201.872860 ,53.040506 ,-33.402890
212.259835 ,24.267796 ,-107.126963
