1954.437768 2.799645 8.436024 354.612236
1954.552230 2.749186 8.452869 355.116472
1954.610883 2.693583 8.497405 355.503863
1955.079752 2.650887 8.415975 357.248781
1955.255313 2.625269 8.367117 358.074819
1955.314556 2.604415 8.353163 358.571406
1955.497601 2.604415 8.339282 357.977643
1955.606861 2.604415 8.339282 357.369787
1955.665415 2.634298 8.339282 356.881556
1955.841652 2.666072 8.279340 356.136035
1955.958322 2.711387 8.279340 356.097781
1956.018003 2.750044 8.329108 355.905124
1956.192892 2.757187 8.385966 355.744520
1956.310833 2.750794 8.384367 355.582328
1956.368802 2.756989 8.352146 355.750803
1956.551751 2.758373 8.351165 356.763215
1956.605568 2.763693 8.299092 357.514126
1956.837262 2.775664 8.299092 357.690803
1956.896255 2.774210 8.299092 357.060617
1957.076570 2.774289 8.223646 356.161313
1957.130363 2.782427 8.188075 355.835214
1957.306228 2.769383 8.169970 355.660288
1957.423410 2.757926 8.169970 356.106323
1957.482234 2.739582 8.153516 356.539332
1957.659011 2.760597 8.153516 356.905177
1957.777263 2.760597 8.153516 357.086601
1957.855646 2.753319 8.152188 357.234543
1958.087743 2.753319 8.152188 357.191129
1958.146227 2.784441 8.152188 357.084776
1958.400355 2.802186 8.168661 357.094789
1958.458324 2.811895 8.149301 357.478607
1958.634199 2.822882 8.184840 358.227476
1958.751229 2.850663 8.217024 358.977832
1958.809696 2.892406 8.217024 359.547086
1958.988068 2.938361 8.217024 359.779141
1959.103817 2.975728 8.304625 359.821220
1959.161700 2.975728 8.445793 359.728092
1959.395906 2.975728 8.579586 359.397186
1959.474125 2.984348 8.630228 359.060623
1959.650655 3.004654 8.669746 358.950985
1959.767352 2.996505 8.663063 359.263437
1959.825290 3.000883 8.652406 359.581364
1960.061289 3.049392 8.652406 358.258314
1960.118567 3.079971 8.658014 356.833003
1960.353574 3.073321 8.658014 355.599267
1960.411240 3.076456 8.658014 355.955263
1960.587024 3.073726 8.635740 356.503887
1960.704932 3.027167 8.635740 357.066999
1960.762664 2.992518 8.638381 357.561670
1960.997361 3.001159 8.635067 357.889384
1961.056059 2.998985 8.584603 358.240137
1961.233895 2.981612 8.526715 358.559008
1961.292454 3.008941 8.515350 358.904151
1961.544753 3.029678 8.523763 359.219984
1961.602784 3.038265 8.522089 359.618500
1961.778382 3.055012 8.542637 359.812754
1961.895788 3.055422 8.536887 359.796041
1961.954296 3.045372 8.579509 359.813532
1962.188539 3.039414 8.571806 359.825570
1962.247380 3.041053 8.602792 359.840861
1962.433134 3.052264 8.604964 359.363688
1962.484865 3.094758 8.631985 359.093876
1962.716067 3.082337 8.631985 358.426972
1962.774396 3.091258 8.617462 358.078347
1962.950336 3.082189 8.586441 357.259112
1963.067386 3.077310 8.549447 356.594929
1963.126129 3.047619 8.494615 356.117467
1963.301983 3.049023 8.437138 355.935419
1963.379847 3.054791 8.400296 356.473896
1963.438484 3.041972 8.391681 356.684787
1963.615031 3.012914 8.370166 357.059534
1963.734971 3.022644 8.347226 357.078100
1963.789976 3.023790 8.348959 357.357300
1964.024636 3.030721 8.372728 357.765552
1964.086011 3.080144 8.372728 358.025854
1964.318007 3.121643 8.409537 358.158965
1964.434493 3.120374 8.385754 358.179972
1964.493730 3.142099 8.413690 358.134582
1964.728260 3.121419 8.424381 358.386403
1964.787851 3.082858 8.424381 358.380757
1965.020944 3.072708 8.410974 358.460468
1965.079298 3.068870 8.380302 358.211508
1965.313895 3.078395 8.410761 357.764965
1965.371969 3.085165 8.403693 357.096530
1965.549705 3.108575 8.430324 356.677813
1965.666886 3.099286 8.395671 356.889927
1965.724014 3.096967 8.364521 357.322481
1965.899905 3.081245 8.349122 357.458956
1966.055956 3.065141 8.325863 357.742591
1966.114213 3.039558 8.280651 357.907252
1966.349020 3.014066 8.261112 358.262826
1966.407885 2.996231 8.266820 358.059500
1966.582945 2.964059 8.211112 357.618158
1966.700259 2.956409 8.224475 357.514428
1966.759047 2.940761 8.205100 357.616400
1966.993795 2.976494 8.205100 358.529669
1967.052298 3.004857 8.205100 359.219894
1967.231394 3.004857 8.365946 359.527421
1967.345195 3.004857 8.551936 359.549214
1967.422635 3.110794 8.815815 359.559990
1967.598603 3.151198 8.970223 359.406109
1967.657379 3.205610 9.179924 359.081746
1967.891407 3.232049 9.254831 358.919499
1967.950994 3.240863 9.254831 359.281756
1968.125727 3.240863 9.254831 359.352376
1968.242980 3.161576 9.149610 359.407451
1968.301832 3.126265 9.005867 359.442775
1968.479801 3.126265 8.919025 359.462434
1968.594787 3.082370 8.796262 359.142040
1968.653247 3.032986 8.673024 358.658580
1968.829142 3.008446 8.673024 358.088319
1968.889019 3.010724 8.670711 357.525771
1969.121926 3.022659 8.670711 356.649417
1969.180434 3.025181 8.670711 355.777503
1969.356209 3.004277 8.635862 354.789884
1969.434242 2.982891 8.600076 354.196284
1969.493545 2.965803 8.600076 353.770722
1969.727441 2.952188 8.565357 352.954345
1969.786957 2.966732 8.565357 352.140938
1970.039964 2.994255 8.565357 351.398847
1970.117936 3.009466 8.536210 350.769724
1970.293982 3.029925 8.507994 350.060164
1970.352196 3.051194 8.483516 349.095776
1970.548063 3.054522 8.459039 348.445210
1970.609588 3.055120 8.473246 347.862460
1970.844852 3.068030 8.463098 347.180026
1970.899393 3.078496 8.464056 346.705197
1971.133944 3.095977 8.520378 345.852508
1971.192891 3.106113 8.520378 345.509898
1971.368262 3.148250 8.579553 344.920976
1971.484990 3.185989 8.612448 344.705062
1971.544697 3.214733 8.612448 344.339604
1971.719385 3.221964 8.664419 343.671423
1971.797656 3.236540 8.712082 342.777884
1971.858346 3.235405 8.708810 341.674217
1972.071286 3.238669 8.702684 340.779267
1972.129932 3.244805 8.702684 340.064899
1972.305272 3.269059 8.727358 339.539779
1972.422771 3.295969 8.731559 339.113711
1972.481019 3.294210 8.750637 338.697101
1972.660371 3.282229 8.784753 337.555037
1972.715324 3.261765 8.791850 336.613943
1972.891071 3.244354 8.780265 335.358113
1972.954823 3.207756 8.761914 334.842449
1973.092148 3.212734 8.761914 333.270700
1973.204004 3.205813 8.710037 331.226593
1973.262395 3.217110 8.650711 329.103505
1973.457628 3.220952 8.640333 328.140740
1973.575021 3.238216 8.582400 327.907528
1973.633687 3.222307 8.554096 327.861997
1973.809007 3.224731 8.534312 327.535271
1973.887261 3.209311 8.533293 327.655700
1973.946391 3.212828 8.518673 327.911939
1974.141271 3.219455 8.538338 328.574452
1974.201338 3.243762 8.524116 328.391894
1974.376313 3.266710 8.524116 327.611918
1974.492824 3.266710 8.524116 326.465423
1974.551266 3.311571 8.619276 325.757099
1974.727568 3.311571 9.174423 326.087410
1974.785926 3.311571 9.402433 326.571351
1974.980997 3.313461 9.388128 327.031551
1975.039498 3.308387 9.393828 326.669891
1975.215159 3.308387 9.229902 325.758862
1975.273959 3.308387 8.574815 324.916688
1975.454242 3.257375 8.204262 323.868365
1975.508216 3.270318 8.245043 323.297000
1975.684073 3.270616 8.139687 322.076771
1975.762125 3.296765 8.104703 320.691584
1975.820956 3.310762 8.139363 318.760041
1976.015807 3.344744 8.192713 316.506155
1976.075300 3.325147 8.119085 314.680375
1976.270711 3.302714 8.119085 312.633916
1976.328964 3.266232 8.119085 311.275762
1976.506213 3.260245 8.172562 308.244028
1976.563003 3.249194 8.201176 305.903126
1976.738926 3.260045 8.195656 303.363257
1976.856145 3.260045 8.195656 302.636727
1976.914389 3.260045 8.195656 302.066794
1977.034467 3.140731 7.847672 302.174459
1977.090991 3.072832 7.647626 302.308974
1977.324673 2.948835 7.374018 302.556781
1977.383170 2.862754 7.112386 302.416409
1977.558941 2.785524 6.980052 301.930768
1977.676288 2.785524 7.303082 301.416871
1977.738701 2.785524 7.399772 301.079316
1977.910939 2.842710 7.630092 300.827096
1977.969775 2.807767 7.678491 300.493975
1978.028358 2.807277 7.585916 300.280980
1978.203438 2.807277 7.232146 300.128485
1978.321146 2.841810 7.221051 300.069257
1978.379177 2.847148 7.189028 300.064637
1978.558208 2.834867 7.319065 300.527395
1978.613776 2.852163 7.357710 300.881544
1978.789431 2.885651 7.562886 300.059603
1978.849303 2.861570 7.562886 298.766741
1979.043245 2.830700 7.562886 295.379092
1979.101931 2.840162 7.552990 293.095156
1979.277730 2.883370 7.526187 291.842938
1979.395092 2.931601 7.526187 292.825141
1979.454087 2.965655 7.520657 293.935569
1979.632182 2.965655 7.520657 294.630027
1979.687813 3.018730 7.520657 295.173490
1979.863496 3.040165 7.676475 295.611103
1979.922569 3.067428 7.836407 295.745881
1980.098862 3.074828 7.905564 295.845017
1980.168944 3.099699 7.957322 296.039748
1980.332464 3.099699 7.957322 296.282582
1980.449562 3.094464 8.011918 296.788957
1980.508997 3.092052 7.995678 297.744502
1980.683906 3.055139 7.961736 299.490182
1980.742345 3.022054 7.949778 301.103196
1980.918229 3.009829 7.938966 302.047596
1981.035559 3.008857 7.935998 302.236192
1981.094193 3.000902 7.952970 302.533796
1981.218402 3.001650 7.965946 303.140722
1981.351665 2.997796 7.965946 303.766116
1981.406467 2.988869 7.965946 304.180464
1981.640906 2.979323 7.916682 303.926934
1981.699980 2.987490 7.870606 303.539729
1981.875179 3.018097 7.857988 303.959830
1981.933755 3.049710 7.840733 304.851093
1982.109434 3.072507 7.837346 306.384698
1982.227146 3.099327 7.886660 307.481424
1982.285282 3.114362 7.936006 308.518869
1982.465048 3.104727 7.936006 308.446504
1982.519865 3.094893 7.936006 308.054181
1982.695464 3.061476 7.867483 307.292786
1982.816366 3.022803 7.771260 307.063514
1982.874211 3.017113 7.775112 306.805523
1983.046962 3.005466 7.695868 306.507571
1983.164169 3.000772 7.616916 306.266864
1983.222605 3.041915 7.616916 306.018070
1983.400399 3.059424 7.605878 305.725744
1983.457370 3.038944 7.607626 305.206335
1983.633750 3.036551 7.511652 304.307166
1983.696084 3.047337 7.490195 303.919487
1983.867333 3.047337 7.490195 303.642097
1983.926078 3.047337 7.490195 303.691633
1984.101611 2.963230 7.202479 303.770245
1984.219007 2.943089 7.169186 303.669478
1984.277535 2.946375 7.169186 303.606942
1984.455494 2.942606 7.169186 303.280666
1984.511948 2.930174 7.180262 302.812629
1984.687738 2.968486 7.135067 302.088572
1984.767978 2.968151 7.085535 301.237388
1984.825674 2.961342 7.085535 300.255184
1985.002670 2.983805 7.085535 297.838859
1985.117562 2.983805 7.033411 295.729747
1985.175781 3.013475 7.118901 294.108382
1985.351703 3.009354 7.048877 294.330970
1985.469197 3.046330 7.048877 294.427100
1985.530743 3.046330 7.048877 294.381876
1985.703183 3.057011 7.096848 294.084528
1985.820648 3.057011 6.977630 294.093366
1985.878794 3.038431 7.351827 294.135416
1986.047104 3.013965 7.347177 294.281433
1986.152579 3.042901 7.456135 294.114236
1986.211356 3.041059 7.510119 293.778155
1986.387402 3.036528 7.744069 293.042352
1986.445110 3.060670 7.763036 292.070266
1986.621100 3.067038 7.801314 289.761104
1986.680391 3.081202 7.823913 287.837069
1986.855510 3.068416 7.842209 286.060759
1986.914410 3.084107 7.832081 285.809795
1987.091366 3.072551 7.791307 286.517534
1987.156406 3.077355 7.746465 287.645158
1987.382696 3.081977 7.734439 289.133025
1987.441587 3.104971 7.730221 289.704194
1987.617044 3.111841 7.708845 290.255993
1987.677647 3.128520 7.735719 290.222896
1987.851741 3.134190 7.760006 289.505808
1987.988789 3.128941 7.772523 287.909400
1988.046754 3.115917 7.726462 286.143571
1988.225981 3.078372 7.726462 284.945498
1988.281251 3.092371 7.762775 284.419788
1988.476743 3.114885 7.773866 283.602708
1988.535080 3.129673 7.783862 282.862481
1988.710940 3.163255 7.776794 282.380843
1988.828157 3.205777 7.823888 282.145680
1988.888479 3.189093 7.817880 281.702690
1989.062501 3.187658 7.806334 281.018079
1989.120972 3.191210 7.787980 280.728465
1989.316298 3.182000 7.786692 280.837132
1989.374903 3.190378 7.766793 280.837718
1989.553171 3.232536 7.736023 280.944672
1989.609353 3.219997 7.736023 280.875343
1989.804921 3.205076 7.694325 280.959126
1989.941265 3.190155 7.651969 281.330050
1989.999727 3.195045 7.642547 281.722438
1990.175547 3.172969 7.636019 282.394832
1990.234073 3.186925 7.619018 282.700706
1990.488931 3.206002 7.618482 283.110568
1990.546658 3.224645 7.618818 283.118825
1990.727171 3.224645 7.618818 283.074978
1990.781292 3.224645 7.618818 282.899720
1990.957245 3.179499 7.290973 282.823076
1991.074089 3.123034 7.202345 282.620637
1991.132818 3.131178 7.153203 282.249770
1991.347704 3.139322 7.104062 281.268886
1991.406243 3.136117 7.104062 280.067951
1991.582761 3.156891 7.104062 278.788335
1991.699753 3.188658 7.065014 278.139688
1991.757830 3.147402 7.324996 277.888221
1991.935835 3.158065 7.323577 277.892129
1991.992763 3.135788 7.322656 277.804921
1992.167960 3.120465 7.328165 276.604556
1992.226912 3.095547 7.288960 275.413198
1992.401995 3.080483 7.288960 274.219055
1992.461094 3.027582 7.288960 274.145052
1992.675635 3.019406 7.190103 274.159178
1992.753661 3.017384 7.181372 273.962297
1992.949660 3.018409 7.122853 272.288009
1993.019788 3.040270 7.122853 270.267313
1993.202702 3.048048 7.122853 268.435231
1993.319996 3.034120 7.061889 268.153033
1993.378823 3.036024 7.029002 268.180238
1993.593320 3.042966 7.051985 268.349385
1993.652315 3.014079 7.051985 268.336885
1993.827666 2.966151 7.051985 268.317136
1993.886326 2.951393 6.980980 268.355916
1994.062063 2.933727 6.929755 268.866168
1994.120934 2.915182 6.875397 269.579213
1994.298976 2.913608 6.826709 270.523061
1994.374632 2.931075 6.778022 271.074630
1994.433501 2.961900 6.762144 271.267056
1994.609273 2.964223 6.739471 271.107717
1994.687047 2.969828 6.734400 270.904234
1994.804655 2.973913 6.734400 271.786211
1994.921974 2.968036 6.698640 272.813310
1994.980415 2.934977 6.661532 273.960011
1995.176168 2.934977 6.661532 275.338517
1995.234447 2.898056 6.661532 276.876370
1995.412807 2.898056 6.502418 278.461864
1995.472218 2.847587 6.293317 278.761380
1995.703230 2.798638 6.065760 278.731320
1995.764286 2.743189 5.991432 278.754444
1995.956929 2.721479 5.991432 279.752641
1996.015614 2.695689 5.991432 280.814239
1996.210637 2.699313 5.942051 281.707643
1996.269068 2.691426 6.037210 281.500563
1996.483862 2.663923 5.978311 281.228437
1996.564747 2.639414 6.053635 280.900387
1996.757984 2.625950 6.038334 280.422825
1996.816019 2.599099 5.986168 279.940272
1997.011244 2.592553 5.929560 278.805712
1997.069931 2.591172 5.929560 278.016637
1997.246495 2.557632 6.082016 277.213712
1997.304121 2.543790 6.098955 276.637207
1997.499603 2.548704 6.062861 275.215916
1997.636372 2.544824 6.040032 274.000653
1997.699098 2.551930 6.040032 273.053963
1997.890249 2.546247 5.981358 273.322904
1998.007409 2.542126 5.953772 273.460169
1998.105079 2.526489 5.931925 273.844260
1998.222147 2.481932 5.931925 273.953354
1998.339657 2.456190 5.908614 273.944336
1998.397948 2.445183 5.877749 273.880956
1998.573743 2.420572 5.877749 273.587840
1998.632494 2.389494 5.845812 273.312685
1998.827581 2.387337 5.799468 272.947893
1998.886229 2.389785 5.728872 272.799070
1999.028519 2.397843 5.667764 273.664186
1999.160394 2.416762 5.614210 275.800936
1999.237671 2.422766 5.597087 278.097255
1999.338167 2.428771 5.579965 279.755706
1999.452906 2.428771 5.579965 280.391301
1999.511173 2.423566 5.579965 280.764601
1999.706835 2.408593 5.533218 280.933559
1999.765953 2.388608 5.535319 280.926303
1999.940943 2.375883 5.537420 280.704831
1999.999489 2.358095 5.486047 280.220582
2000.196694 2.358209 5.486047 278.975126
2000.272816 2.354212 5.460415 277.945356
2000.448659 2.352585 5.460415 277.247878
2000.507397 2.341860 5.460415 277.392181
2000.683514 2.326770 5.420864 278.088875
2000.800847 2.303694 5.341891 278.555469
2000.878210 2.292791 5.301107 278.684161
2001.053939 2.276524 5.301107 277.683801
2001.132323 2.271927 5.289859 277.018869
2001.270515 2.276758 5.252871 277.062179
2001.350600 2.279386 5.279232 277.931896
2001.405648 2.295163 5.279232 278.725093
2001.581620 2.282757 5.279232 279.578786
2001.757162 2.267778 5.209533 280.689043
2001.816440 2.239439 5.106428 281.688724
2002.030590 2.211101 5.011479 282.107747
2002.109512 2.176806 4.953553 282.200700
2002.245610 2.178700 4.895628 282.037919
2002.402295 2.180594 4.937433 281.983481
2002.461057 2.180594 4.937433 281.786925
2002.655467 2.190249 4.937433 280.730432
2002.714589 2.184236 4.853545 279.563987
2002.894235 2.154696 4.663696 278.267771
2002.968286 2.125155 4.436823 278.045229
2003.026604 2.108512 4.199014 277.898955
2003.222072 2.097467 3.961204 277.961534
2003.300369 2.096007 3.872061 278.192590
2003.475884 2.096007 3.872061 278.697165
2003.534648 2.077788 3.872061 279.093114
2003.710914 2.062544 3.848915 279.608805
2003.769569 2.062544 3.848915 279.862240
2003.944620 2.065760 3.826914 279.964932
2004.062596 2.043749 3.841300 279.665616
2004.120896 2.003389 3.834961 279.204401
2004.316386 1.988062 3.800868 278.076861
2004.374122 2.003976 3.777797 276.971269
2004.550794 1.961616 3.777797 276.160755
2004.628545 1.950373 3.779934 276.120557
2004.769254 1.983629 3.779934 276.261124
2004.826869 2.007989 3.779934 276.241106
2005.057796 1.998132 3.591534 276.208018
2005.116360 2.015474 3.540645 276.171531
2005.331108 2.026925 3.489756 276.306332
2005.390606 1.987280 3.465551 276.351002
2005.527097 1.973481 3.465551 275.911428
2005.643761 2.003566 3.399710 275.176775
2005.702619 1.974238 3.461600 274.603960
2005.878344 1.961579 3.432325 274.533683
2005.940842 1.962937 3.432546 275.340510
2006.171094 1.932181 3.381669 277.017073
2006.229587 1.853388 3.407644 278.866253
2006.463954 1.860512 3.421805 280.219919
2006.522675 1.836662 3.437933 281.027526
2006.718694 1.825106 3.415373 282.766114
2006.796803 1.831190 3.444323 284.667547
2006.952604 1.858457 3.435917 287.800302
2007.011073 1.886833 3.435917 289.915036
2007.208724 1.886833 3.427914 292.566564
2007.265234 1.886833 3.427914 293.942329
2007.460155 1.945414 3.438352 295.965158
2007.518520 2.027347 3.458992 297.104886
2007.698575 2.090456 3.504707 297.741503
2007.755479 2.129795 3.510583 297.535535
2007.928931 2.172433 3.534739 297.242041
2008.046163 2.189512 3.534739 298.038687
2008.105222 2.181536 3.544307 298.831644
2008.303404 2.217793 3.543394 300.114659
2008.378044 2.239958 3.523282 300.427056
2008.514650 2.250215 3.516295 300.066199
2008.651364 2.270131 3.539793 299.109122
2008.710438 2.287897 3.538379 298.292466
2008.905194 2.287897 3.538379 298.042123
2008.983377 2.281091 3.541409 297.896223
2009.162231 2.297877 3.545108 297.637829
2009.218388 2.291878 3.528687 297.601598
2009.393547 2.291878 3.528687 298.506442
2009.452401 2.313956 3.528687 299.284132
2009.629410 2.313956 3.325747 299.485431
2009.687600 2.313956 3.216175 298.801080
2009.803912 2.375639 3.170361 298.387409
2009.979899 2.421808 3.122948 298.278363
2010.038047 2.421808 3.122948 297.879546
2010.215064 2.421808 3.069781 297.372243
2010.272404 2.473034 3.199228 297.060036
2010.506713 2.514823 3.245373 296.914091
2010.565329 2.557568 3.215800 297.010982
2010.762107 2.569279 3.183125 297.107324
2010.821196 2.569279 3.183125 297.300856
2011.014642 2.570682 3.196457 297.394360
2011.151095 2.564263 3.213694 297.064121
2011.210909 2.555056 3.241347 296.722706
2011.366949 2.516814 3.285987 296.535159
2011.483362 2.519528 3.271077 296.498638
2011.542024 2.518562 3.240540 296.516782
2011.718314 2.513284 3.210913 295.890954
2011.776418 2.527016 3.179791 295.468635
2011.914122 2.540747 3.148669 294.735379
2012.030146 2.541408 3.148669 294.257512
2012.089461 2.575281 3.146028 293.718010
2012.284442 2.613465 3.141385 293.428393
2012.362290 2.633004 3.149369 293.179589
2012.512074 2.694884 3.149369 292.755785
2012.561338 2.694884 3.129357 292.252901
2012.741177 2.694884 3.084602 290.429639
2012.851089 2.665620 3.084602 289.302665
2012.908995 2.665620 3.056496 288.095665
2013.096627 2.665620 3.031217 286.247456
2013.150928 2.610374 3.006586 283.736760
2013.377677 2.538322 2.976792 280.290961
2013.436641 2.487361 2.971330 278.448517
2013.612084 2.403765 3.001577 275.360880
2013.730402 2.390740 3.023332 273.881132
2013.787862 2.404674 3.013666 272.734433
2014.022218 2.420139 3.013666 275.141689
2014.082703 2.446965 3.013666 277.001423
2014.324560 2.487890 2.985102 279.959917
2014.373835 2.534069 2.965118 281.073966
2014.609498 2.543302 2.959331 283.440609
2014.666673 2.543302 2.941654 284.624482
2014.900919 2.587138 2.941654 288.105425
2014.960454 2.621888 2.941654 290.279910
2015.136207 2.617739 3.001495 292.291894
